"Longitude" "Latitude" "wc2.1_10m_bio_1" "wc2.1_10m_bio_2" "wc2.1_10m_bio_3" "wc2.1_10m_bio_4" "wc2.1_10m_bio_5" "wc2.1_10m_bio_6" "wc2.1_10m_bio_7" "wc2.1_10m_bio_8" "wc2.1_10m_bio_9" "wc2.1_10m_bio_10" "wc2.1_10m_bio_11" "wc2.1_10m_bio_12" "wc2.1_10m_bio_13" "wc2.1_10m_bio_14" "wc2.1_10m_bio_15" "wc2.1_10m_bio_16" "wc2.1_10m_bio_17" "wc2.1_10m_bio_18" "wc2.1_10m_bio_19" "occ"
-102.6 22.7 15.507698059082 15.6354789733887 62.9726486206055 276.633422851562 27.6940002441406 2.86500000953674 24.8290004730225 17.2439575195312 14.7096252441406 18.6060409545898 11.7862501144409 448 97 3 94.3424530029297 268 17 187 38 1
-105.25 23.84 12.8637504577637 19.6997909545898 65.6632385253906 365.760833740234 26.8742504119873 -3.12700009346008 30.0012512207031 16.5005416870117 10.4768753051758 17.0289173126221 8.16316699981689 836 191 7 94.5244750976562 514 35 466 115 1
-102.03 24.91 18.9579792022705 17.1510829925537 62.8371429443359 382.626373291016 32.1414985656738 4.84700012207031 27.2944984436035 22.3044586181641 17.4069995880127 23.0436668395996 13.8142499923706 344 62 5 74.7584533691406 178 23 136 36 1
-101.76 21.3 17.4559688568115 16.1874370574951 62.367919921875 274.975494384766 30.1254997253418 4.1707501411438 25.9547500610352 19.8050422668457 16.9851665496826 20.4679584503174 13.8057498931885 567 132 5 99.7606582641602 349 25 260 33 1
-100.69 20.16 17.908353805542 17.1036243438721 66.1712951660156 232.025833129883 30.4732494354248 4.62575006484985 25.8474998474121 19.0270004272461 17.7196674346924 20.6014995574951 14.842583656311 722 171 7 105.487510681152 454 24 169 29 1
-100.81 25.13 15.8898124694824 17.3825836181641 64.9797973632812 347.020385742188 28.6270008087158 1.87625002861023 26.7507514953613 18.976583480835 14.539999961853 19.5928764343262 11.246208190918 438 66 12 54.4667434692383 189 50 188 63 1
-100.56 25.4 12.7188119888306 14.028374671936 65.2148895263672 265.529022216797 23.39674949646 1.88574993610382 21.5109996795654 15.0279998779297 11.4905834197998 15.5522079467773 9.14449977874756 591 95 16 61.5549774169922 276 59 226 71 1
-99.53 20.02 14.0672807693481 15.6811876296997 68.4626007080078 190.576110839844 24.9009990692139 1.9962500333786 22.904748916626 15.5389165878296 11.5149583816528 16.1597499847412 11.5149583816528 773 161 9 89.4578247070312 429 33 219 33 1
-101.72 22.64 16.6150932312012 17.1329784393311 63.9642295837402 295.001708984375 29.4680004119873 2.68274998664856 26.785249710083 18.7397918701172 15.808708190918 19.8057918548584 12.6593332290649 372 70 5 78.7531585693359 196 22 154 33 1
-100.53 25.26 13.9283752441406 15.8542499542236 67.04833984375 278.439788818359 25.4915008544922 1.84549999237061 23.6459999084473 16.2853755950928 12.7935419082642 16.9004592895508 10.1794586181641 535 86 15 58.5707778930664 241 57 208 68 1
-100.44 20.7 17.1921672821045 16.0445823669434 64.1321563720703 251.764144897461 29.2767505645752 4.25874996185303 25.0180015563965 19.1912078857422 14.9441251754761 19.9953746795654 13.8296670913696 527 121 6 95.0619201660156 320 25 153 27 1
-102.16 21.56 17.0964279174805 17.4114799499512 63.5165672302246 288.587341308594 30.3677501678467 2.95525002479553 27.4125003814697 18.9854164123535 16.2570838928223 20.3136253356934 13.2425832748413 584 141 5 104.540641784668 370 23 257 36 1
-101.3 21.11 15.3137083053589 13.9918327331543 62.3834762573242 247.045974731445 26.2859992980957 3.85724997520447 22.4287490844727 17.3335418701172 15.0259170532227 18.0438747406006 12.0166664123535 725 172 9 97.1973571777344 432 35 178 44 1
-102.35 22.18 16.5456352233887 16.0936450958252 62.6852188110352 284.803894042969 28.9787502288818 3.3050000667572 25.6737499237061 19.1172924041748 15.7998332977295 19.6814594268799 12.715708732605 499 120 3 97.0543212890625 299 17 221 40 1
-102.59 27.22 17.3745212554932 15.8868751525879 54.5589179992676 502.882873535156 31.34375 2.22499990463257 29.1187496185303 22.1165008544922 15.0997085571289 22.9130420684814 10.6974582672119 334 60 6 67.4269714355469 165 25 159 40 1
-101.03 25.34 17.3527507781982 15.1370000839233 60.4144859313965 362.540924072266 29.2342491149902 4.17899990081787 25.055248260498 20.5463752746582 15.7165412902832 21.2655410766602 12.5140419006348 396 66 8 65.5391159057617 193 36 180 47 1
-101.56 29.81 20.5667285919189 14.550708770752 42.083869934082 761.33251953125 36.2709999084473 1.69550001621246 34.5755004882812 25.9347915649414 11.5632495880127 29.287166595459 10.6464996337891 373 60 11 51.223518371582 158 44 124 47 1
-97.62 18.31 18.8521766662598 14.6225624084473 67.7833404541016 192.898330688477 29.786750793457 8.21424961090088 21.5725021362305 19.8484992980957 16.3494167327881 21.1525840759277 16.3494167327881 514 126 4 94.1730041503906 270 16 207 16 1
-103.18 29.4 19.2088432312012 16.1833114624023 47.8895378112793 678.343200683594 35.0767517089844 1.28375005722046 33.7930030822754 26.1747074127197 12.2562494277954 27.076208114624 10.4554166793823 345 57 7 66.5531539916992 162 29 152 34 1
-101.51 20.7 19.2436561584473 16.7813129425049 62.1012535095215 282.648498535156 32.4862518310547 5.46374988555908 27.0225028991699 20.5652923583984 19.0794162750244 22.5619163513184 15.5535831451416 626 166 4 108.608818054199 402 20 142 29 1
-102.63 21.12 18.1942081451416 18.6352081298828 63.1985855102539 296.232604980469 32.1717491149902 2.68499994277954 29.4867496490479 20.9255428314209 17.3085842132568 21.5167503356934 14.2848749160767 745 205 2 119.325653076172 512 14 362 26 1
-103.84 30.54 15.4279899597168 16.4574794769287 49.4315071105957 642.789123535156 31.7450008392334 -1.54849994182587 33.2934989929199 22.1464176177979 8.85112476348877 23.2388343811035 7.43387508392334 438 84 10 78.255729675293 239 32 213 36 1
-100.28 20.59 17.5045928955078 16.9699783325195 64.0648574829102 265.055725097656 30.1749992370605 3.68624997138977 26.488748550415 19.6692504882812 15.0607500076294 20.4068756103516 13.949333190918 559 130 5 96.7117767333984 341 26 158 27 1
-97.64 18.99 13.7145519256592 16.9288539886475 72.7676773071289 177.012130737305 24.6932506561279 1.42900002002716 23.2642498016357 15.4357500076294 11.289041519165 15.6397085189819 11.289041519165 504 102 4 80.1996154785156 239 21 203 21 1
-101.16 21.09 16.2602386474609 14.9791040420532 62.4721527099609 259.094482421875 28.0422496795654 4.06500005722046 23.9772491455078 18.320499420166 16.1219577789307 19.2252502441406 12.8571252822876 647 145 9 94.7126617431641 381 34 168 39 1
-99.05 19.59 15.984354019165 16.1909999847412 69.2389144897461 189.609771728516 26.9212493896484 3.53699994087219 23.3842487335205 17.3356666564941 13.3926248550415 18.058874130249 13.3926248550415 627 128 7 92.3687057495117 363 23 187 23 1
-103.86 30.63 15.4279899597168 16.4574794769287 49.4315071105957 642.789123535156 31.7450008392334 -1.54849994182587 33.2934989929199 22.1464176177979 8.85112476348877 23.2388343811035 7.43387508392334 438 84 10 78.255729675293 239 32 213 36 1
-101.06 25.07 15.9021768569946 16.5313949584961 63.0891075134277 353.940246582031 28.4804992675781 2.27725005149841 26.2032489776611 18.9955005645752 14.3662080764771 19.6709175109863 11.1692504882812 479 79 11 59.6423072814941 217 48 216 70 1
-97.68 18.19 20.8606357574463 14.5298547744751 68.7559661865234 179.728546142578 31.6860008239746 10.5535001754761 21.1324996948242 21.6793746948242 18.5687923431396 23.0636253356934 18.5687923431396 477 114 3 96.9819183349609 261 12 177 12 1
-100.93 25.1 15.4170417785645 16.677583694458 64.6092376708984 335.162750244141 27.8577499389648 2.04474997520447 25.8129997253418 18.3467082977295 14.0172500610352 18.9897079467773 10.9444999694824 474 76 12 56.6728897094727 209 51 182 69 1
-102.4 30.14 18.6407814025879 15.3884792327881 45.404125213623 720.745483398438 34.1134986877441 0.221249997615814 33.8922500610352 23.5277080535889 11.2685413360596 27.0271244049072 9.3777494430542 341 63 8 60.0014801025391 149 30 121 34 1
-100.73 20.92 17.0074691772461 15.5649785995483 61.667293548584 274.403076171875 29.2927494049072 4.05249977111816 25.2402496337891 19.2148342132568 14.5683746337891 20.0328330993652 13.3532085418701 552 125 6 95.1302032470703 326 27 152 30 1
-100.08 20.41 17.1971454620361 16.5288333892822 64.0838775634766 252.520950317383 29.554500579834 3.76200008392334 25.7924995422363 19.2167911529541 14.9917087554932 20.0490417480469 13.8719167709351 623 140 5 98.3319778442383 379 26 174 28 1
-100.81 20.85 17.0074691772461 15.5649785995483 61.667293548584 274.403076171875 29.2927494049072 4.05249977111816 25.2402496337891 19.2148342132568 14.5683746337891 20.0328330993652 13.3532085418701 552 125 6 95.1302032470703 326 27 152 30 1
-104.67 29.95 18.7584381103516 17.6974582672119 49.2804145812988 701.169555664062 36.3064994812012 0.394749999046326 35.911750793457 26.0460834503174 11.7110834121704 27.1151256561279 9.97308349609375 330 69 5 86.6796417236328 193 21 165 25 1
-102.91 24.85 20.6314888000488 18.1399784088135 63.004638671875 391.857482910156 34.0869979858398 5.29549980163574 28.7914981842041 24.2139167785645 18.9388332366943 24.8735408782959 15.4094581604004 309 60 6 77.1271286010742 164 22 149 30 1
-101.24 22.02 16.3343849182129 16.6103954315186 64.5283203125 276.974182128906 28.8637504577637 3.12249994277954 25.7412509918213 18.1585845947266 13.7411251068115 19.2980422973633 12.6287498474121 419 79 8 80.3045120239258 221 32 180 34 1
-102.26 21.87 17.1331253051758 17.1720008850098 63.3793449401855 304.151000976562 30.0725002288818 2.97849988937378 27.0939998626709 19.3197498321533 16.1286659240723 20.4741668701172 13.054708480835 485 122 2 105.156677246094 311 14 213 32 1
-100.79 25.39 14.4678955078125 14.6180419921875 63.8258781433105 299.172821044922 25.6272506713867 2.72425007820129 22.9029998779297 17.0795421600342 13.1117076873779 17.6601257324219 10.4514579772949 506 83 12 61.892219543457 237 48 195 62 1
-100.79 21 17.0074691772461 15.5649785995483 61.667293548584 274.403076171875 29.2927494049072 4.05249977111816 25.2402496337891 19.2148342132568 14.5683746337891 20.0328330993652 13.3532085418701 552 125 6 95.1302032470703 326 27 152 30 1
-104.3 29.53 21.0771560668945 17.7347297668457 48.0599708557129 729.705200195312 38.5822486877441 1.68099999427795 36.9012489318848 28.5258331298828 13.7892503738403 29.6112079620361 11.7670421600342 282 53 5 77.1986923217773 153 21 136 24 1
-103.58 26.61 19.771842956543 17.2357711791992 53.9659194946289 542.337097167969 34.8627510070801 2.92449998855591 31.9382514953613 24.6764984130859 17.4897918701172 25.6799583435059 12.6072912216187 260 52 3 77.6163635253906 140 14 134 25 1
-98.13 19.02 14.6731977462769 17.2019786834717 71.3567810058594 173.060028076172 26.088249206543 1.98125004768372 24.1069984436035 15.7847499847412 12.3026247024536 16.6535835266113 12.3026247024536 807 162 6 88.5912857055664 424 23 285 23 1
-101.75 21.93 16.3143444061279 17.3436450958252 64.5399017333984 284.577667236328 29.388500213623 2.51574993133545 26.8727493286133 18.886791229248 15.5989999771118 19.4309577941895 12.5061664581299 461 104 3 94.4032135009766 275 25 195 38 1
-100.13 20.33 15.1711149215698 15.5669374465942 64.6809997558594 221.462295532227 26.8332500457764 2.76600003242493 24.0672492980957 16.8267498016357 13.2472915649414 17.7214584350586 12.2404165267944 790 178 7 100.77449798584 481 30 208 32 1
-101.2 20.69 18.9668121337891 16.4177074432373 62.6408958435059 270.504211425781 31.7929992675781 5.58374977111816 26.20924949646 21.1018753051758 18.715124130249 22.1228332519531 15.4313335418701 635 158 5 109.482292175293 413 21 153 27 1
-101.69 22.53 16.6150932312012 17.1329784393311 63.9642295837402 295.001708984375 29.4680004119873 2.68274998664856 26.785249710083 18.7397918701172 15.808708190918 19.8057918548584 12.6593332290649 372 70 5 78.7531585693359 196 22 154 33 1
-101.89 22.68 16.7930202484131 17.2640838623047 64.9899139404297 288.390747070312 29.5825004577637 3.01824998855591 26.5642509460449 18.832332611084 16.0448741912842 19.9066257476807 12.9222497940063 373 66 6 76.9292144775391 194 23 153 36 1
-105.91 22.78 25.1833324432373 13.451470375061 63.7229194641113 305.090515136719 34.1044120788574 12.9950981140137 21.1093139648438 28.3947715759277 23.8532676696777 28.5070266723633 21.4433002471924 944 254 1 126.463577270508 723 4 556 35 1
-101.11 25.15 15.9021768569946 16.5313949584961 63.0891075134277 353.940246582031 28.4804992675781 2.27725005149841 26.2032489776611 18.9955005645752 14.3662080764771 19.6709175109863 11.1692504882812 479 79 11 59.6423072814941 217 48 216 70 1
-100.61 20.25 16.4045829772949 16.3507080078125 65.2046127319336 231.601837158203 28.5237503051758 3.44775009155273 25.076000213623 18.2194995880127 16.1773738861084 19.0596656799316 13.3160829544067 729 182 5 109.326461791992 470 22 173 29 1
-104.19 30.75 14.9510107040405 15.3303127288818 47.294979095459 651.730224609375 31.0709991455078 -1.34325003623962 32.414249420166 21.7036247253418 8.25958347320557 22.7944583892822 6.80070829391479 447 89 10 79.9234161376953 248 34 221 39 1
-100.55 19.69 14.3411979675293 14.3071041107178 67.2784729003906 190.369827270508 24.5524997711182 3.28699994087219 21.2654991149902 15.4846248626709 13.9751663208008 16.3404579162598 11.689582824707 984 226 8 102.526191711426 606 35 230 49 1
-97.74 18.4 18.1050205230713 15.0714998245239 69.1028366088867 176.771926879883 29.2094993591309 7.39925003051758 21.8102493286133 19.0065002441406 15.8408336639404 20.2429161071777 15.8408336639404 601 142 2 96.3455429077148 307 13 237 13 1
-98.81 20.15 14.6381464004517 16.0631256103516 70.2266845703125 182.324935913086 25.4467506408691 2.57349991798401 22.8732509613037 15.9731254577637 12.1307916641235 16.5845413208008 12.1307916641235 524 91 8 72.5351333618164 249 31 173 31 1
-101.82 21.73 16.0653018951416 16.5712699890137 63.841854095459 279.007171630859 28.7080001831055 2.75125002861023 25.956750869751 18.5582504272461 15.3985004425049 19.093542098999 12.323166847229 513 112 6 94.2279205322266 304 29 222 38 1
-101.15 22.36 17.6231250762939 15.3112916946411 61.7502822875977 297.346862792969 29.5974998474121 4.80200004577637 24.7954998016357 20.3030414581299 14.8004169464111 20.7386245727539 13.6108751296997 391 70 8 74.4520645141602 191 31 176 33 1
-97.92 18.8 18.0918025970459 16.6961879730225 71.1247863769531 188.195098876953 29.425500869751 5.95100021362305 23.4745006561279 19.3034992218018 15.5592918395996 20.2616672515869 15.5592918395996 609 132 4 90.7151412963867 307 19 237 19 1
-105.01 24.05 12.5792188644409 18.9623966217041 64.6397552490234 364.030883789062 26.4165000915527 -2.91899991035461 29.3355007171631 16.0894165039062 10.3829584121704 16.7249164581299 7.89279174804688 761 179 6 99.3762283325195 482 27 443 87 1
-104.75 24.02 15.8666563034058 17.3396873474121 61.8247833251953 358.555114746094 29.2530002593994 1.20650005340576 28.046501159668 18.8017082214355 14.173791885376 19.9314994812012 11.2010831832886 575 137 3 105.645233154297 380 14 225 49 1
-104.51 23.97 16.4691143035889 17.1256465911865 61.1057357788086 362.781799316406 29.7692489624023 1.74300003051758 28.0262489318848 19.3372077941895 14.922833442688 20.5894165039062 11.7250003814697 534 127 3 104.480224609375 349 14 211 46 1
-100.81 23.64 16.6272392272949 16.5802707672119 66.219108581543 305.649108886719 28.7637500762939 3.72525000572205 25.0384998321533 19.0913753509521 13.6275835037231 19.8304176330566 12.5009164810181 416 67 10 62.009635925293 185 39 165 43 1
-100.88 23.75 16.2729167938232 17.8794174194336 66.3263092041016 327.237213134766 29.3267498016357 2.36999988555908 26.9567489624023 18.9280834197998 13.0103750228882 19.6989994049072 11.8351249694824 338 54 9 59.0024681091309 146 35 134 40 1
-103.74 25.43 20.4730205535889 16.7772922515869 57.0011520385742 464.845825195312 34.1049995422363 4.67175006866455 29.4332504272461 24.5909156799316 18.6700420379639 25.4625415802002 14.3143329620361 319 72 3 94.45556640625 195 13 184 24 1
-100.84 19.98 17.5027084350586 15.1690826416016 64.6008377075195 225.039352416992 28.9667491912842 5.4854998588562 23.4812488555908 18.6868343353271 17.2162075042725 20.0157508850098 14.4666662216187 732 177 7 107.576477050781 468 24 170 31 1
-98.96 20.39 16.6830940246582 15.3992710113525 66.5044479370117 205.16764831543 28.0357494354248 4.88049983978271 23.1552505493164 17.6348342895508 13.9928331375122 19.0591239929199 13.9928331375122 555 107 8 76.4259338378906 272 33 170 33 1
-99.7 20.54 17.9406356811523 16.0822715759277 64.2013244628906 250.409652709961 29.9785003662109 4.92875003814697 25.0497512817383 19.9533748626709 14.6125001907349 20.687292098999 14.6125001907349 460 87 6 83.700798034668 244 25 150 25 1
-102.41 20.99 17.4826145172119 17.7955207824707 62.5655555725098 280.229034423828 31.2442493438721 2.80124998092651 28.4429988861084 19.8727493286133 16.8653755187988 20.5955410003662 13.7723751068115 774 211 3 117.335334777832 532 14 388 24 1
-103.11 22.41 17.0837707519531 17.6829586029053 63.3394813537598 312.215728759766 30.5925006866455 2.67475008964539 27.9177513122559 19.3571243286133 15.8051252365112 20.5989589691162 12.9503746032715 556 143 2 104.488021850586 353 17 240 53 1
-103.25 29.25 17.9306564331055 14.4394788742065 47.2492179870605 608.997863769531 32.4022483825684 1.84200000762939 30.5602493286133 24.1844997406006 11.4108753204346 24.9758758544922 10.0618333816528 390 68 8 69.9888458251953 195 32 180 37 1
-101.16 25.29 16.2394580841064 16.0164585113525 62.4435501098633 350.835174560547 28.5284996032715 2.87899994850159 25.6494998931885 19.2884998321533 14.6730003356934 20.0259990692139 11.5580835342407 457 78 10 64.9167556762695 219 42 179 59 1
-98.89 20.28 16.2548961639404 16.2530002593994 68.0440444946289 205.112380981445 27.722749710083 3.83675003051758 23.8859996795654 17.3346672058105 13.4957084655762 18.5315837860107 13.4957084655762 493 86 7 74.2530364990234 235 29 159 29 1
-99.28 20.26 16.4969272613525 16.2105617523193 67.7592849731445 213.837936401367 27.7170009613037 3.79325008392334 23.9237518310547 18.1832504272461 13.625 18.7949161529541 13.625 460 78 7 75.3748016357422 221 25 156 25 1
-104.27 23.95 17.8368644714355 17.3253536224365 60.9109382629395 375.25537109375 31.378999710083 2.93525004386902 28.4437503814697 20.7845001220703 16.2707500457764 22.0894165039062 12.9289169311523 466 114 2 106.648681640625 307 13 194 34 1
-99.49 20.23 15.6575727462769 15.8168954849243 67.7927474975586 200.750671386719 26.8952503204346 3.56399989128113 23.3312511444092 17.1674575805664 12.9958744049072 17.9242076873779 12.9958744049072 584 110 7 81.5027542114258 303 29 183 29 1
-98.51 19.63 13.4550838470459 16.9518756866455 70.3018112182617 173.837295532227 24.8729991912842 0.759999990463257 24.1129989624023 14.6130828857422 11.1210412979126 15.4661254882812 11.1210412979126 740 132 9 81.7089614868164 385 31 243 31 1
-102.85 29.43 19.2499580383301 15.0420417785645 46.6669502258301 665.910217285156 34.3134994506836 2.08074998855591 32.2327499389648 26.1654167175293 12.2887077331543 26.9316673278809 10.6050415039062 316 50 6 62.6208190917969 142 27 135 33 1
-99.9 26.25 21.4105529785156 13.1978120803833 47.4861068725586 546.290100097656 34.6592483520508 6.86625003814697 27.7929992675781 24.9486675262451 15.8481245040894 27.6650428771973 14.2164163589478 566 119 20 61.6948127746582 254 67 190 68 1
-99.69 20.38 16.7394161224365 16.1941242218018 65.3324737548828 237.535659790039 28.7487506866455 3.9614999294281 24.7872505187988 18.5723743438721 13.6054582595825 19.4113330841064 13.6054582595825 508 100 6 86.3253784179688 282 25 164 25 1
-100.4 25.56 18.8098220825195 13.8415212631226 56.8032073974609 395.683715820312 30.2022495269775 5.83475017547607 24.3675003051758 22.5727500915527 14.8309173583984 23.2012920379639 13.5482501983643 493 121 12 76.4063491821289 244 46 180 48 1
-99.39 20.21 15.6575727462769 15.8168954849243 67.7927474975586 200.750671386719 26.8952503204346 3.56399989128113 23.3312511444092 17.1674575805664 12.9958744049072 17.9242076873779 12.9958744049072 584 110 7 81.5027542114258 303 29 183 29 1
-105.44 28.46 19.2037601470947 18.241813659668 50.8064804077148 642.491088867188 36.1747512817383 0.270249992609024 35.9045028686523 25.6267929077148 12.7300834655762 26.7541675567627 11.0378332138062 311 70 3 98.1467208862305 202 16 173 22 1
-103.74 25.28 21.3663024902344 16.9158115386963 57.0872611999512 461.414184570312 35.1585006713867 5.52699995040894 29.6315002441406 25.3307075500488 19.6090412139893 26.3611259460449 15.2379169464111 330 77 2 97.8174743652344 206 11 135 25 1
-99 19.78 15.4367189407349 17.5372295379639 69.576301574707 191.625198364258 27.2824993133545 2.07675004005432 25.2057495117188 16.777042388916 12.8545417785645 17.5999584197998 12.8545417785645 522 97 5 84.51513671875 283 20 164 20 1
-105.42 28.32 18.9311656951904 17.3423748016357 50.2389945983887 620.688598632812 35.2152481079102 0.695500016212463 34.5197486877441 25.0235004425049 15.8581247329712 26.1915817260742 11.0384168624878 320 75 3 98.3279113769531 208 16 177 23 1
-97.9 18.9 16.2703533172607 17.5757503509521 72.0620346069336 190.475997924805 27.6464996337891 3.25675010681152 24.3897495269775 17.6809158325195 13.621166229248 18.3374576568604 13.621166229248 654 143 5 88.9875183105469 330 21 259 21 1
-102.61 22.79 15.507698059082 15.6354789733887 62.9726486206055 276.633422851562 27.6940002441406 2.86500000953674 24.8290004730225 17.2439575195312 14.7096252441406 18.6060409545898 11.7862501144409 448 97 3 94.3424530029297 268 17 187 38 1
-101.09 22.21 17.2338848114014 15.5741453170776 62.8699531555176 281.621917724609 29.3807506561279 4.6087498664856 24.7720012664795 19.0435409545898 14.6247911453247 20.2192077636719 13.4598751068115 396 68 8 75.2368621826172 194 31 172 33 1
-97.43 18.19 19.126895904541 14.6504583358765 66.9804153442383 204.845443725586 30.1450004577637 8.27225017547607 21.8727493286133 20.2835826873779 17.6522922515869 21.5716247558594 16.4659576416016 530 119 6 90.4371871948242 270 23 194 23 1
-98.93 19.85 15.1405830383301 17.4785003662109 69.7097473144531 191.008193969727 26.8997497558594 1.82649993896484 25.0732498168945 16.527250289917 12.5677919387817 17.2875003814697 12.5677919387817 499 88 6 76.3871459960938 251 25 161 25 1
-97.02 17.96 23.2670516967773 15.6927700042725 65.7881240844727 236.684036254883 35.0737495422363 11.2202501296997 23.8535003662109 24.6673336029053 21.4926662445068 26.1114158630371 20.1730003356934 783 151 9 92.8474807739258 433 32 221 33 1
-102.68 22.9 16.0827293395996 17.0511665344238 63.0759620666504 305.964599609375 29.1434993743896 2.11074995994568 27.0327491760254 18.2191677093506 15.0494165420532 19.4955406188965 11.9746246337891 428 93 3 94.9348297119141 258 16 175 38 1
-102.61 30.15 18.2325305938721 15.5201463699341 46.0336952209473 706.195556640625 33.6640014648438 -0.0507500022649765 33.7147521972656 23.0494995117188 10.9370002746582 26.4764595031738 9.16587543487549 345 65 7 62.5759391784668 152 28 127 33 1
-104.65 24.09 16.9720726013184 17.2443542480469 60.1634712219238 378.744140625 30.5149993896484 1.85249996185303 28.6624984741211 19.9226665496826 15.420916557312 21.2824172973633 12.0249586105347 519 124 2 107.568229675293 347 11 205 40 1
-101.48 24.15 16.7225513458252 18.5353546142578 65.2624588012695 360.10693359375 30.1229991912842 1.72175002098083 28.4012489318848 19.7185001373291 13.0705003738403 20.556999206543 11.8640003204346 311 56 5 66.6184921264648 145 24 109 33 1
-99.2 19.61 15.4938335418701 15.9079580307007 69.3693771362305 185.111312866211 26.1807498931885 3.24850010871887 22.9322490692139 16.8480415344238 12.9574584960938 17.5009174346924 12.9574584960938 765 161 8 95.2081451416016 447 27 220 27 1
-103.9 24.7 18.6328125 17.4711246490479 60.9721908569336 394.47021484375 32.2960014343262 3.6417498588562 28.6542510986328 21.7761669158936 17.1452083587646 23.0857925415039 13.4568328857422 437 120 2 112.829086303711 303 13 172 23 1
-101.21 30.7 17.6571140289307 15.5029792785645 43.7430648803711 757.977294921875 34.1964988708496 -1.244500041008 35.4409980773926 22.8803749084473 7.94287490844727 26.560417175293 7.94287490844727 486 82 16 49.302661895752 193 56 146 56 1
-101.28 22.17 16.6217803955078 15.9951457977295 63.2269172668457 281.533050537109 28.9652500152588 3.66724991798401 25.2980003356934 18.4682502746582 13.9633331298828 19.615083694458 12.8362083435059 406 72 8 78.1025619506836 207 31 175 33 1
-102.89 22.65 16.5367088317871 16.7699584960938 63.1934356689453 301.753295898438 29.3702507019043 2.83275008201599 26.5375003814697 18.7425003051758 15.3391246795654 19.9055423736572 12.5081243515015 491 123 2 100.808647155762 306 16 209 50 1
-102.42 21.89 16.9679584503174 16.6965827941895 62.9584579467773 288.476287841797 29.8474998474121 3.32750010490417 26.5200004577637 18.8697910308838 16.0914173126221 20.1712913513184 13.101541519165 517 132 2 105.211540222168 329 14 232 34 1
-101.71 23.86 16.480052947998 18.3892707824707 64.669548034668 350.770690917969 29.951000213623 1.51524996757507 28.4357509613037 19.304292678833 15.1374168395996 20.3032493591309 11.77649974823 331 62 4 75.3971939086914 170 21 121 32 1
-98.83 19.75 14.8090524673462 17.2966461181641 70.882080078125 183.234451293945 26.2427501678467 1.84074997901917 24.4020004272461 16.1039161682129 12.3133335113525 16.8210010528564 12.3133335113525 491 94 5 81.6883010864258 263 20 169 20 1
-99.87 20.69 17.3871669769287 15.522500038147 62.9792671203613 246.509704589844 29.423999786377 4.77699995040894 24.6469993591309 19.2684574127197 14.1296663284302 20.1784992218018 14.1296663284302 461 91 6 85.4020843505859 251 24 146 24 1
-104.82 31.89 14.756781578064 14.0291042327881 42.8916397094727 714.501708984375 31.1084995269775 -1.59975004196167 32.7082481384277 22.2622909545898 10.6222915649414 23.4546661376953 5.89249992370605 409 82 10 75.8767166137695 221 35 186 41 1
-102.61 20.81 17.4366569519043 16.9884376525879 62.2697639465332 272.258911132812 30.7520008087158 3.47000002861023 27.2820014953613 19.7102508544922 16.9000415802002 20.4617500305176 13.8265838623047 828 224 3 116.639717102051 566 15 195 29 1
-104.83 32.01 13.3327713012695 13.0452919006348 41.5551071166992 699.26708984375 29.161750793457 -2.23099994659424 31.392749786377 20.6867923736572 9.2676248550415 21.8394584655762 4.6725001335144 455 91 12 76.1276245117188 248 40 212 47 1
-97.4 18.47 19.9128742218018 15.3369579315186 67.3242034912109 214.898345947266 31.1215000152588 8.34074974060059 22.7807502746582 21.2637500762939 17.0599594116211 22.3937492370605 17.0599594116211 558 119 6 89.4832534790039 274 24 197 24 1
-98.86 19.6 16.0896873474121 17.4130840301514 69.4011001586914 192.233474731445 27.8647499084473 2.77425003051758 25.0904998779297 17.3945426940918 13.4965839385986 18.283166885376 13.4965839385986 548 110 6 89.9180221557617 314 20 167 20 1
-103.66 22.36 16.0775928497314 17.8365211486816 63.2119636535645 317.594970703125 29.7140007019043 1.49699997901917 28.2170009613037 19.2752075195312 14.6531248092651 19.6119575500488 11.8810415267944 657 169 3 107.781173706055 424 19 285 60 1
-102.35 20.71 17.6393547058105 17.8070411682129 62.2471466064453 286.181793212891 31.464750289917 2.85774993896484 28.6070003509521 20.0679588317871 17.0707492828369 20.802375793457 13.8324584960938 817 219 3 116.611045837402 560 15 409 27 1
-103.29 30.15 17.1712398529053 16.7707710266113 49.3421211242676 664.411254882812 32.9792518615723 -1.00950002670288 33.9887504577637 24.3590431213379 10.0471668243408 24.970832824707 8.73283386230469 392 76 7 71.0203552246094 192 28 167 34 1
-103.96 26.57 20.2215843200684 17.830415725708 53.8723983764648 569.141052246094 35.7080001831055 2.61050009727478 33.0974998474121 25.4803333282471 17.7924156188965 26.4966259002686 12.7272081375122 236 48 4 84.3489685058594 136 14 124 21 1
-103.28 24.73 20.6255931854248 18.0125198364258 61.8652114868164 401.622955322266 34.2382507324219 5.12249994277954 29.1157512664795 24.1822509765625 18.9699573516846 24.9432506561279 15.3097076416016 349 72 4 87.6208114624023 202 18 136 31 1
-100.27 24.11 17.6885929107666 18.5278129577637 68.2380065917969 320.975860595703 30.5655002593994 3.4137499332428 27.1517505645752 20.4617500305176 13.7447080612183 20.9780006408691 13.3016672134399 357 54 9 59.4674301147461 152 37 140 40 1
-106.14 27.88 17.752103805542 17.7132911682129 52.5609130859375 563.067077636719 34.2087516784668 0.508249998092651 33.7005004882812 23.062707901001 14.9992504119873 24.3582096099854 10.5740833282471 436 119 4 114.165168762207 313 18 259 24 1
-104.15 30.54 14.5582914352417 15.0493745803833 47.8418617248535 624.783203125 30.1912498474121 -1.26524996757507 31.4564990997314 21.0364589691162 8.09520816802979 22.0798759460449 6.76629161834717 469 93 10 80.2892303466797 260 34 235 39 1
-102.59 21.49 18.3053436279297 19.7316036224365 64.633918762207 311.337554931641 32.5327491760254 2.00449991226196 30.5282497406006 21.3230838775635 17.2003746032715 21.747875213623 14.1586666107178 663 180 2 115.872451782227 448 14 305 33 1
-104.85 32.12 14.3118438720703 14.2038545608521 42.0045967102051 750.179809570312 31.1149997711182 -2.70000004768372 33.814998626709 22.213207244873 10.1835832595825 23.3928337097168 4.97254180908203 393 80 9 77.0797576904297 215 33 183 41 1
-97.49 18.28 19.126895904541 14.6504583358765 66.9804153442383 204.845443725586 30.1450004577637 8.27225017547607 21.8727493286133 20.2835826873779 17.6522922515869 21.5716247558594 16.4659576416016 530 119 6 90.4371871948242 270 23 194 23 1
-103.27 25.06 19.3516044616699 16.490291595459 58.8618431091309 420.796844482422 32.4642486572266 4.44899988174438 28.0152492523193 23.1670417785645 17.4927501678467 23.9317073822021 13.7932500839233 347 70 4 86.0206527709961 196 17 191 32 1
-103.14 29.27 20.785343170166 16.5238132476807 48.3325538635254 689.855407714844 36.814998626709 2.62724995613098 34.1877479553223 27.8625831604004 13.7428331375122 28.7184162139893 11.8095836639404 291 44 5 63.0759544372559 128 24 126 30 1
-101.01 21.08 16.2602386474609 14.9791040420532 62.4721527099609 259.094482421875 28.0422496795654 4.06500005722046 23.9772491455078 18.320499420166 16.1219577789307 19.2252502441406 12.8571252822876 647 145 9 94.7126617431641 381 34 168 39 1
-104.68 23.94 15.3946666717529 17.3619155883789 62.5705413818359 348.672393798828 28.6854991912842 0.937749981880188 27.7477493286133 18.2823753356934 13.736499786377 19.3329582214355 10.8472499847412 612 142 4 101.518196105957 395 20 231 62 1
-100.51 21.18 16.6555938720703 16.1160202026367 63.5502319335938 270.613037109375 28.9907493591309 3.63124990463257 25.3594989776611 19.0160007476807 13.257040977478 19.5285835266113 13.0201663970947 429 89 7 85.6651916503906 238 28 201 30 1
-104.42 23.43 17.3490009307861 16.6380825042725 62.9562721252441 325.931640625 30.1084995269775 3.68050003051758 26.42799949646 19.939208984375 18.1262493133545 20.9541244506836 13.0197505950928 557 135 4 103.565719604492 363 18 211 58 1
-105.57 28.27 18.7464580535889 17.0030002593994 50.166332244873 601.509765625 34.9297485351562 1.03649997711182 33.8932495117188 24.5197505950928 15.8248338699341 25.7720832824707 11.0853338241577 339 80 3 101.827186584473 226 16 190 23 1
-99.21 19.77 15.1746664047241 16.6540832519531 69.4622039794922 191.365020751953 26.2609996795654 2.28524994850159 23.9757499694824 16.6439170837402 12.5569162368774 17.2240409851074 12.5569162368774 697 143 8 89.8834991455078 391 28 204 28 1
-104.47 32.11 16.8726348876953 17.2593955993652 46.8013343811035 764.261169433594 34.8279991149902 -2.04999995231628 36.8779983520508 25.0432510375977 9.12658309936523 26.202709197998 7.3540415763855 354 78 7 73.9044952392578 182 30 147 36 1
-104.86 25.45 18.9219169616699 18.3316669464111 59.073902130127 440.415130615234 33.6667518615723 2.63499999046326 31.0317516326904 22.5812492370605 17.1651668548584 23.8900413513184 13.1655416488647 423 96 3 106.081428527832 277 11 176 23 1
-102.42 27.33 19.0439376831055 16.1459999084473 53.1415596008301 548.946044921875 33.3367500305176 2.95374989509583 30.382999420166 24.2789573669434 16.6550827026367 25.0736656188965 11.7258749008179 300 50 6 63.1987571716309 140 25 135 36 1
-99.62 20.24 14.7637500762939 15.4602088928223 67.2533874511719 198.832885742188 25.8369998931885 2.84899997711182 22.9879989624023 16.2445411682129 12.1261253356934 17.0062084197998 12.1261253356934 688 138 7 87.0544586181641 377 30 204 30 1
-105.93 28.84 18.4603538513184 18.6622085571289 51.0831565856934 659.935852050781 35.8467483520508 -0.686250030994415 36.5329971313477 25.0650825500488 11.7810001373291 26.1418743133545 10.0586252212524 339 79 4 103.882995605469 229 15 189 20 1
-103.28 22.28 17.31028175354 17.8948955535889 63.5940742492676 309.369232177734 30.9855003356934 2.84625005722046 28.1392498016357 20.3467502593994 16.0367088317871 20.8043327331543 13.2285833358765 635 168 3 109.901382446289 415 18 282 49 1
-102.17 25.47 18.1221561431885 15.1655206680298 57.941722869873 407.889801025391 30.8974990844727 4.72375011444092 26.1737480163574 21.6803340911865 16.3918743133545 22.5494155883789 12.6881666183472 371 70 5 76.7401123046875 198 22 147 40 1
-99.55 20.53 18.7333221435547 16.1708545684814 64.9067001342773 245.642364501953 30.7899990081787 5.87599992752075 24.9139995574951 20.7005825042725 15.4464168548584 21.388500213623 15.4464168548584 415 75 6 79.6900100708008 206 22 138 22 1
-100.73 21.61 17.4331874847412 15.8038749694824 63.9865379333496 271.869537353516 29.5685005187988 4.86975002288818 24.6987495422363 19.7807922363281 15.0005836486816 20.3382091522217 13.7967920303345 383 72 8 76.7948303222656 195 27 123 28 1
-103.59 21.72 16.7628116607666 16.5712089538574 63.3667945861816 274.103607177734 29.7552490234375 3.60400009155273 26.1512489318848 19.2458744049072 15.7851667404175 19.7573738098145 13.0817918777466 881 231 5 113.75072479248 589 25 406 52 1
-98.88 20.01 15.0996351242065 16.6240634918213 69.3167495727539 187.952575683594 26.5482501983643 2.56550002098083 23.9827499389648 16.4174575805664 12.567458152771 17.2089576721191 12.567458152771 507 91 7 72.5766830444336 244 30 164 30 1
-100.95 25.28 13.6155004501343 14.7540416717529 63.899356842041 300.470611572266 24.9799995422363 1.89049994945526 23.0895004272461 16.2476673126221 12.2165002822876 16.8517913818359 9.60500049591064 529 91 13 61.502628326416 245 52 208 68 1
-100.6 26.54 21.5107822418213 14.588062286377 48.5584907531738 586.05029296875 35.3042488098145 5.26200008392334 30.0422477722168 27.3245830535889 15.4274997711182 28.1314163208008 13.7212085723877 430 97 11 67.6293411254883 201 45 156 49 1
-100.39 25.24 12.2139587402344 14.0974998474121 66.752685546875 251.322448730469 22.7137508392334 1.59475004673004 21.1190013885498 14.4561672210693 11.086124420166 14.9154586791992 8.84862518310547 622 99 18 60.5723037719727 288 67 266 74 1
-100.11 20.67 17.2985935211182 15.5446462631226 63.4093627929688 246.496780395508 29.2447490692139 4.73000001907349 24.5147495269775 19.2347507476807 14.0211668014526 20.0575828552246 14.0211668014526 432 99 5 90.7209701538086 255 22 133 22 1
-99.18 20.54 17.5325527191162 15.3451881408691 66.3992080688477 219.940795898438 28.6084995269775 5.4980001449585 23.1105003356934 18.827917098999 14.5751247406006 19.896333694458 14.5751247406006 468 87 7 76.7596588134766 226 28 149 28 1
-103.77 26.64 20.1583957672119 17.6299171447754 53.624267578125 566.630187988281 35.5615005493164 2.68475008010864 32.8767509460449 25.3722496032715 17.7272090911865 26.3846244812012 12.6909170150757 238 47 3 79.9752655029297 132 13 123 22 1
-104.95 25.7 16.6387920379639 18.1523761749268 59.5394096374512 421.068267822266 31.1149997711182 0.626999974250793 30.4879989624023 20.1396255493164 14.8966255187988 21.3622913360596 11.1003751754761 493 111 4 105.446441650391 319 15 202 24 1
-100.46 21.56 17.875093460083 14.1031875610352 61.5859756469727 268.378479003906 29.3174991607666 6.41750001907349 22.8999996185303 20.2209587097168 14.3417081832886 20.7578754425049 14.3417081832886 441 78 9 76.8761901855469 216 32 139 32 1
-100.01 20.76 17.2985935211182 15.5446462631226 63.4093627929688 246.496780395508 29.2447490692139 4.73000001907349 24.5147495269775 19.2347507476807 14.0211668014526 20.0575828552246 14.0211668014526 432 99 5 90.7209701538086 255 22 133 22 1
-100.79 22.42 17.9841976165771 15.4229373931885 62.0747489929199 288.089782714844 30.169750213623 5.32399988174438 24.8457508087158 19.845874786377 15.2585000991821 20.9893341064453 14.0607500076294 398 68 7 72.9077301025391 193 30 172 33 1
-105 25.47 18.9219169616699 18.3316669464111 59.073902130127 440.415130615234 33.6667518615723 2.63499999046326 31.0317516326904 22.5812492370605 17.1651668548584 23.8900413513184 13.1655416488647 423 96 3 106.081428527832 277 11 176 23 1
-99.09 19.89 15.3754692077637 17.2969379425049 69.3027954101562 193.849609375 27.0065002441406 2.04800009727478 24.9584999084473 16.7817916870117 12.7263746261597 17.5073757171631 12.7263746261597 541 101 6 80.8099212646484 281 23 169 23 1
-103.76 24.39 16.7469062805176 17.0488548278809 61.8204879760742 359.879638671875 30.0732498168945 2.49524998664856 27.5779991149902 19.5708332061768 15.3356666564941 20.8390827178955 12.0581665039062 481 120 3 107.663467407227 322 14 189 29 1
-97.37 17.96 16.9668025970459 15.5092706680298 68.3785095214844 177.739028930664 28.3514995574951 5.67000007629395 22.6814994812012 17.7885417938232 14.7779588699341 19.1532497406006 14.7013750076294 535 124 5 91.4691467285156 276 17 212 23 1
-99.34 20.07 15.7898750305176 16.6145839691162 68.9623565673828 200.16780090332 27.1259994506836 3.03375005722046 24.092248916626 17.3825836181641 13.1160411834717 17.9831676483154 13.1160411834717 598 120 8 84.4833450317383 319 27 187 27 1
-102.72 25.24 20.8865737915039 16.8822708129883 58.1345405578613 457.533111572266 34.5325012207031 5.49249982833862 29.0400009155273 25.1408748626709 18.8968334197998 25.904333114624 14.8029165267944 260 46 5 74.0702056884766 136 17 128 29 1
-99.89 20.23 15.775333404541 16.0189571380615 65.5299377441406 225.124771118164 27.5587501525879 3.11350011825562 24.4452495574951 17.4554176330566 13.8623752593994 18.3661251068115 12.8044586181641 690 151 7 94.2766799926758 405 28 199 29 1
-103.73 25.07 21.2170524597168 17.7498550415039 58.8293838500977 448.144866943359 35.3247489929199 5.15299987792969 30.1717491149902 24.9564170837402 19.5771255493164 26.1283740997314 15.275541305542 356 86 2 101.133163452148 228 12 145 26 1
-104.04 24.79 18.7102603912354 17.6404781341553 61.0386619567871 396.301055908203 32.5345001220703 3.6340000629425 28.9004993438721 21.9021663665771 17.1693325042725 23.199291229248 13.5272912979126 446 122 2 113.916061401367 312 13 176 23 1
-102.12 23.88 16.843448638916 19.0731868743896 65.1885375976562 360.627166748047 30.7737503051758 1.51524996757507 29.2585010528564 19.7880420684814 15.4713335037231 20.8051662445068 12.0753746032715 327 72 4 83.1139144897461 184 19 117 32 1
-99.37 20.44 16.6415309906006 15.7334794998169 65.6313629150391 225.474075317383 28.3367500305176 4.36425018310547 23.9724998474121 18.3417491912842 13.6829586029053 19.1712913513184 13.6829586029053 473 82 7 77.4157257080078 234 27 154 27 1
-102.17 26.85 20.4869480133057 15.8088550567627 52.0893402099609 555.907470703125 34.4420013427734 4.09249973297119 30.3495025634766 25.8592491149902 17.8645839691162 26.6166667938232 13.0625 245 38 5 59.2783279418945 110 20 105 32 1
-100.72 24.96 15.9655313491821 18.4158954620361 65.9931945800781 354.046752929688 29.2234992980957 1.31774997711182 27.9057502746582 19.7277507781982 14.6245832443237 19.7277507781982 11.2238330841064 421 62 11 53.288028717041 178 49 178 60 1
-100.95 25.47 16.6431255340576 14.8506660461426 60.2510032653809 359.194152832031 28.3622493743896 3.71425008773804 24.6479988098145 19.8466663360596 15.0954580307007 20.5259990692139 11.8587913513184 400 64 9 61.4020538330078 188 40 172 49 1
-101.62 21.77 16.1465930938721 17.3882713317871 64.6572418212891 283.228668212891 29.1737499237061 2.28075003623962 26.8929996490479 18.6862506866455 15.5822916030884 19.2140827178955 12.3600006103516 475 104 6 92.2654724121094 277 29 208 34 1
-101.54 30.61 18.3286552429199 15.0603952407837 42.8201904296875 765.510131835938 34.5457496643066 -0.625500023365021 35.1712493896484 23.7016658782959 8.50662517547607 27.2863750457764 8.50662517547607 423 76 13 53.8541564941406 176 46 127 46 1
-104.08 30.75 14.4750003814697 14.4243335723877 46.4219169616699 631.7275390625 30.0044994354248 -1.06774997711182 31.0722503662109 20.9905834197998 7.95562505722046 22.0828742980957 6.58466672897339 469 94 10 80.5144271850586 261 34 234 39 1
-97.43 18.37 19.9128742218018 15.3369579315186 67.3242034912109 214.898345947266 31.1215000152588 8.34074974060059 22.7807502746582 21.2637500762939 17.0599594116211 22.3937492370605 17.0599594116211 558 119 6 89.4832534790039 274 24 197 24 1
-104.95 25.39 18.9219169616699 18.3316669464111 59.073902130127 440.415130615234 33.6667518615723 2.63499999046326 31.0317516326904 22.5812492370605 17.1651668548584 23.8900413513184 13.1655416488647 423 96 3 106.081428527832 277 11 176 23 1
-102.16 23.51 16.4560108184814 19.210729598999 65.9109268188477 345.870330810547 30.4882507324219 1.34175002574921 29.1465015411377 19.1440410614014 15.4047079086304 20.2409172058105 11.9233751296997 352 71 5 78.9249954223633 189 22 127 35 1
-103.56 22.3 16.3045616149902 17.4639587402344 63.6424217224121 306.444000244141 29.5699996948242 2.12925004959106 27.4407501220703 19.3365421295166 14.9440412521362 19.6825408935547 12.2252502441406 721 187 4 110.31517791748 473 22 318 58 1
-100.81 23.02 16.7762813568115 16.1709365844727 64.7893600463867 296.244750976562 28.8899993896484 3.93074989318848 24.95924949646 19.0747509002686 13.8605003356934 19.8419170379639 12.7374582290649 421 68 9 67.1755599975586 189 35 179 39 1
-99.3 19.8 15.1746664047241 16.6540832519531 69.4622039794922 191.365020751953 26.2609996795654 2.28524994850159 23.9757499694824 16.6439170837402 12.5569162368774 17.2240409851074 12.5569162368774 697 143 8 89.8834991455078 391 28 204 28 1
-102.29 20.92 17.3124485015869 17.3228530883789 62.1938514709473 280.610321044922 30.8400001525879 2.98699998855591 27.8530006408691 19.6690406799316 16.7835826873779 20.4179573059082 13.5973329544067 751 199 4 115.711204528809 514 14 376 24 1
-104.85 26 15.5511150360107 18.5756454467773 59.5339851379395 428.546569824219 30.35325050354 -0.84850001335144 31.2017498016357 19.138708114624 13.8002080917358 20.3689994812012 9.92679119110107 517 118 5 105.858703613281 336 16 209 24 1
-102.17 21.73 17.2476139068604 17.8620204925537 63.5291709899902 304.609222412109 30.7695007324219 2.65324997901917 28.1162509918213 19.3835830688477 16.22825050354 20.6461658477783 13.18274974823 536 133 2 108.15242767334 350 15 234 32 1
-102.42 22.79 16.6342182159424 16.3158531188965 63.6971054077148 282.656402587891 29.0359992980957 3.42125010490417 25.6147499084473 18.4662914276123 15.8970413208008 19.8276672363281 12.8807506561279 428 84 4 87.7158203125 243 19 175 39 1
-104.21 29.8 18.9840202331543 17.5567092895508 49.0061798095703 690.974060058594 36.221248626709 0.395749986171722 35.8255004882812 26.0456657409668 12.0171670913696 27.1486663818359 10.2406663894653 332 64 6 82.0166549682617 187 23 166 27 1
-99.18 20.31 16.4969272613525 16.2105617523193 67.7592849731445 213.837936401367 27.7170009613037 3.79325008392334 23.9237518310547 18.1832504272461 13.625 18.7949161529541 13.625 460 78 7 75.3748016357422 221 25 156 25 1
-103.98 30.56 15.4279899597168 16.4574794769287 49.4315071105957 642.789123535156 31.7450008392334 -1.54849994182587 33.2934989929199 22.1464176177979 8.85112476348877 23.2388343811035 7.43387508392334 438 84 10 78.255729675293 239 32 213 36 1
-101.86 24.63 17.9333229064941 18.1207294464111 65.2946319580078 360.260223388672 31.294750213623 3.54250001907349 27.7522506713867 20.9762077331543 16.4950408935547 21.8047504425049 13.0680418014526 339 59 5 72.4229736328125 173 24 130 38 1
-101.66 24.69 16.2179164886475 16.2112503051758 62.3527603149414 359.206146240234 28.9137496948242 2.91449999809265 25.9992504119873 19.3397922515869 14.630166053772 20.0504589080811 11.373083114624 445 80 9 66.4423522949219 217 37 173 57 1
-103.36 29.22 19.5524272918701 15.8753538131714 47.7386054992676 663.523864746094 35.3525009155273 2.09774994850159 33.2547492980957 26.2660427093506 12.7408752441406 27.2175846099854 10.9798336029053 342 58 7 70.3747100830078 169 27 156 31 1
-100.56 23.46 18.9181671142578 17.3074169158936 65.1640777587891 327.424713134766 31.6879997253418 5.12825012207031 26.5597496032715 21.4975414276123 14.4525413513184 22.3172492980957 14.4525413513184 468 86 10 68.6972961425781 219 42 179 42 1
-100.84 25.24 13.6155004501343 14.7540416717529 63.899356842041 300.470611572266 24.9799995422363 1.89049994945526 23.0895004272461 16.2476673126221 12.2165002822876 16.8517913818359 9.60500049591064 529 91 13 61.502628326416 245 52 208 68 1
-102.96 29.18 20.3369693756104 15.4526872634888 46.953670501709 680.493774414062 35.7902488708496 2.87975001335144 32.9104995727539 27.3351249694824 13.3110828399658 28.1359157562256 11.4452085494995 280 41 5 60.7869033813477 121 24 120 30 1
-100.55 20.16 17.7351875305176 16.9933338165283 66.4301605224609 235.293273925781 29.8880004882812 4.30725002288818 25.5807495117188 19.7097511291504 17.2313747406006 20.2786674499512 14.5417499542236 756 178 7 104.384948730469 473 27 184 30 1
-101.23 20.79 18.9668121337891 16.4177074432373 62.6408958435059 270.504211425781 31.7929992675781 5.58374977111816 26.20924949646 21.1018753051758 18.715124130249 22.1228332519531 15.4313335418701 635 158 5 109.482292175293 413 21 153 27 1
-103.1 22.61 16.7343235015869 17.4794788360596 64.1595916748047 304.972991943359 29.8462505340576 2.60249996185303 27.2437515258789 19.0796661376953 15.423957824707 20.130500793457 12.6907920837402 521 131 3 100.88011932373 325 18 220 55 1
-101.27 20.89 18.4253749847412 15.9004583358765 62.9260063171387 262.300323486328 30.7917499542236 5.52325010299683 25.2684993743896 20.5014171600342 18.1136665344238 21.4326248168945 14.9516248703003 657 158 6 105.499145507812 415 24 161 33 1
-103.47 29.49 19.0123329162598 16.0404586791992 47.86767578125 667.821044921875 34.8940010070801 1.38399994373322 33.5100021362305 25.8454170227051 12.1393337249756 26.7784996032715 10.4208335876465 363 63 7 70.1499710083008 179 29 164 34 1
-101.4 24.64 15.6118021011353 16.2162704467773 63.218864440918 344.345672607422 27.9862499237061 2.33524990081787 25.6510009765625 18.5865421295166 14.1411247253418 19.2763328552246 10.9604997634888 445 74 10 61.4225540161133 208 42 167 58 1
-102.49 22.6 16.156436920166 16.0500831604004 63.2521858215332 277.529327392578 28.5084991455078 3.13374996185303 25.3747482299805 17.8914585113525 15.4615001678467 19.2591667175293 12.454083442688 452 96 4 90.3211059570312 261 19 190 39 1
-99.98 20.91 18.5704898834229 15.0357294082642 62.5576400756836 255.228073120117 30.4095001220703 6.37449979782104 24.0349998474121 20.03125 15.1871252059937 21.3751659393311 15.1871252059937 432 88 6 82.0418090820312 227 24 128 24 1
-103.64 23.51 15.2505521774292 17.1559371948242 63.200511932373 324.962707519531 28.5782508850098 1.43299996852875 27.1452503204346 17.714958190918 13.9117088317871 18.9718761444092 10.9664583206177 495 110 3 97.6984786987305 305 17 195 38 1
-106.05 31.41 17.0837287902832 17.804500579834 45.8813819885254 796.283996582031 35.9910011291504 -2.81450009346008 38.8055000305176 25.9965839385986 16.7018756866455 26.6554164886475 7.13854169845581 214 50 2 82.8737258911133 126 15 106 26 1
-102.52 21.78 16.8718223571777 16.5801448822021 63.1720848083496 282.430145263672 29.6424999237061 3.39650011062622 26.246000289917 18.7296657562256 16.0109996795654 20.0110836029053 13.0903749465942 618 156 3 106.912208557129 395 16 277 38 1
-97.34 18.34 19.9128742218018 15.3369579315186 67.3242034912109 214.898345947266 31.1215000152588 8.34074974060059 22.7807502746582 21.2637500762939 17.0599594116211 22.3937492370605 17.0599594116211 558 119 6 89.4832534790039 274 24 197 24 1
-103.67 30.36 15.7425937652588 16.3081035614014 49.2904167175293 635.574340820312 31.8125 -1.27324998378754 33.085750579834 22.396541595459 9.17483329772949 23.468957901001 7.80412483215332 432 81 9 77.5479202270508 233 32 206 37 1
-101.18 22.26 16.6217803955078 15.9951457977295 63.2269172668457 281.533050537109 28.9652500152588 3.66724991798401 25.2980003356934 18.4682502746582 13.9633331298828 19.615083694458 12.8362083435059 406 72 8 78.1025619506836 207 31 175 33 1
-100.71 20.4 17.8965721130371 16.5721874237061 64.7578735351562 252.943054199219 30.2952499389648 4.7042498588562 25.5909996032715 19.9457912445068 17.5584583282471 20.712833404541 14.507999420166 647 158 6 107.407333374023 415 22 162 25 1
-98.67 19.92 14.8910102844238 17.3641033172607 70.7735137939453 184.348297119141 26.3732490539551 1.83850002288818 24.5347480773926 16.2183742523193 12.3748750686646 16.9281253814697 12.3748750686646 449 82 5 75.8296737670898 225 22 157 22 1
-100.35 25.35 14.0160102844238 13.5029792785645 65.0604934692383 260.446746826172 24.2722492218018 3.51775002479553 20.7544994354248 16.359167098999 12.8880834579468 16.8341674804688 10.534083366394 581 105 16 63.027645111084 275 60 239 66 1
-99.85 23.49 17.7843856811523 16.8976459503174 68.1363525390625 275.870880126953 30.0170001983643 5.21724987030029 24.7997512817383 20.5739994049072 15.0440826416016 20.5739994049072 13.9176254272461 444 67 10 64.2842178344727 190 38 190 40 1
-103.38 22.34 16.0579586029053 18.293041229248 64.165283203125 306.837982177734 29.8215007781982 1.31225001811981 28.5092506408691 19.1364994049072 14.6672086715698 19.4854164123535 11.9942502975464 628 160 4 106.076057434082 402 20 271 59 1
-99.36 19.92 14.7288331985474 15.9992914199829 69.7843933105469 190.129669189453 25.3349990844727 2.40825009346008 22.9267482757568 16.283166885376 12.15625 16.7348327636719 12.15625 718 152 9 90.4037094116211 405 30 215 30 1
-100.76 23.83 17.0690097808838 17.6625633239746 66.396240234375 324.763214111328 29.9104995727539 3.30874991416931 26.601749420166 19.7120418548584 13.8517913818359 20.4667911529541 12.6706666946411 370 61 9 61.860725402832 165 36 147 41 1
-101.35 30.27 18.8566970825195 14.6608123779297 41.8372344970703 766.668395996094 34.8395004272461 -0.203000009059906 35.0424995422363 24.5515422821045 10.1099996566772 27.6853332519531 8.91770839691162 441 78 13 53.0658531188965 185 49 139 49 1
-99.05 19.98 15.3754692077637 17.2969379425049 69.3027954101562 193.849609375 27.0065002441406 2.04800009727478 24.9584999084473 16.7817916870117 12.7263746261597 17.5073757171631 12.7263746261597 541 101 6 80.8099212646484 281 23 169 23 1
-101.08 28.76 20.9990005493164 14.8231248855591 45.9161949157715 670.361206054688 36.5074996948242 4.22450017929077 32.2830009460449 25.7154998779297 13.0303335189819 28.7657089233398 12.2989168167114 466 98 11 67.7260513305664 191 40 143 41 1
-100.86 21.89 17.8256874084473 15.9551258087158 64.0446548461914 280.212677001953 29.9815006256104 5.06899976730347 24.9125003814697 19.5991249084473 15.326042175293 20.7853336334229 14.064624786377 376 67 9 73.3350067138672 185 31 113 32 1
-98.93 20.16 15.0996351242065 16.6240634918213 69.3167495727539 187.952575683594 26.5482501983643 2.56550002098083 23.9827499389648 16.4174575805664 12.567458152771 17.2089576721191 12.567458152771 507 91 7 72.5766830444336 244 30 164 30 1
-103.5 22.47 16.0579586029053 18.293041229248 64.165283203125 306.837982177734 29.8215007781982 1.31225001811981 28.5092506408691 19.1364994049072 14.6672086715698 19.4854164123535 11.9942502975464 628 160 4 106.076057434082 402 20 271 59 1
-103.03 23.83 17.0286464691162 17.8489589691162 62.0547332763672 377.64306640625 30.7290000915527 1.96574997901917 28.7632503509521 20.1002922058105 15.5531253814697 21.2522926330566 12.0793333053589 398 96 4 97.1748428344727 245 15 151 30 1
-103.46 29.16 20.96315574646 16.6426868438721 48.3609275817871 687.001892089844 37.2612495422363 2.84774994850159 34.4134979248047 27.888334274292 14.0195417404175 28.8431663513184 12.0372085571289 301 50 6 68.8634033203125 145 23 136 27 1
-101.01 29.38 20.9128227233887 13.2247705459595 41.0531883239746 719.3837890625 36.0364990234375 3.82275009155273 32.2137489318848 25.9630832672119 12.4355001449585 29.2610836029053 11.6121253967285 475 74 14 49.028190612793 185 51 155 52 1
-102.78 21.88 17.974250793457 16.7118759155273 63.5831413269043 277.905151367188 30.888500213623 4.60500001907349 26.2835006713867 20.4975414276123 17.034875869751 21.0966243743896 14.2665004730225 613 160 2 109.852493286133 399 14 277 38 1
-107.41 24.81 24.9145107269287 15.7087297439575 60.0165405273438 416.978668212891 36.3917503356934 10.2177495956421 26.173999786377 29.4098739624023 23.4816665649414 29.5982074737549 19.783374786377 638 183 2 120.626655578613 472 7 355 51 1
-99.63 23.46 18.6709899902344 15.7943124771118 65.8782577514648 293.387115478516 30.2792491912842 6.30425024032593 23.9749984741211 20.996208190918 15.7425422668457 21.6550006866455 14.591625213623 532 86 10 68.0700531005859 240 43 225 44 1
-102.35 22.08 16.5606250762939 15.8725414276123 62.1319618225098 286.632080078125 28.9834995269775 3.43700003623962 25.5464992523193 19.1375007629395 15.7920417785645 19.720874786377 12.7103328704834 521 130 2 101.812217712402 323 14 237 38 1
-104.17 24.12 17.5617179870605 17.2845211029053 60.4544105529785 381.646636962891 31.2220001220703 2.63100004196167 28.5909996032715 20.5349159240723 16.0298748016357 21.9115409851074 12.5883331298828 492 121 2 108.16968536377 329 12 202 33 1
-101.47 21.08 17.4550838470459 15.5273332595825 62.845890045166 258.108337402344 29.5634994506836 4.85650014877319 24.7069988250732 19.4874172210693 17.2045001983643 20.4279174804688 14.0342922210693 650 150 7 99.9532318115234 395 30 158 38 1
-101.64 21.68 16.1465930938721 17.3882713317871 64.6572418212891 283.228668212891 29.1737499237061 2.28075003623962 26.8929996490479 18.6862506866455 15.5822916030884 19.2140827178955 12.3600006103516 475 104 6 92.2654724121094 277 29 208 34 1
-99.19 19.9 15.6282606124878 17.1354789733887 69.2559509277344 198.883102416992 27.1464996337891 2.40424990653992 24.7422504425049 17.1683750152588 12.9137496948242 17.7767086029053 12.9137496948242 590 119 7 85.7367553710938 320 24 183 24 1
-97.32 17.72 15.3173961639404 14.1613330841064 67.385986328125 173.703002929688 26.0002498626709 4.9850001335144 21.0152492523193 16.1122913360596 13.2236661911011 17.4757080078125 13.0764999389648 561 119 5 92.1038589477539 305 17 196 25 1
-100.89 20.43 17.8727493286133 15.986499786377 64.0702972412109 248.242156982422 30.0974998474121 5.14599990844727 24.9514999389648 19.8402919769287 17.5651664733887 20.6991672515869 14.5708751678467 650 154 6 108.229499816895 419 22 160 26 1
-97.65 18.02 16.6537189483643 14.0448541641235 68.1789016723633 171.506011962891 27.2285003662109 6.62849998474121 20.6000003814697 17.3807907104492 14.5593338012695 18.7925834655762 14.4930000305176 566 138 4 95.5461654663086 298 15 232 18 1
-97.51 18.57 17.1183757781982 15.4605417251587 69.1089782714844 190.459701538086 28.1387500762939 5.76749992370605 22.3712501525879 18.8576259613037 14.6052503585815 19.3035411834717 14.6052503585815 496 110 3 89.5053329467773 245 16 205 16 1
-101.78 21.08 18.9454479217529 17.0153541564941 62.7172775268555 288.432525634766 32.088249206543 4.95800018310547 27.1302490234375 21.4284172058105 18.4250831604004 22.119499206543 15.1126661300659 606 152 4 105.958358764648 386 21 281 31 1
-100.51 21.27 16.6555938720703 16.1160202026367 63.5502319335938 270.613037109375 28.9907493591309 3.63124990463257 25.3594989776611 19.0160007476807 13.257040977478 19.5285835266113 13.0201663970947 429 89 7 85.6651916503906 238 28 201 30 1
-102.77 21.14 18.4895935058594 18.0586032867432 63.0807647705078 284.242919921875 32.1967506408691 3.56900000572205 28.6277503967285 21.007999420166 17.6956253051758 21.6375427246094 14.7128753662109 774 211 2 119.298194885254 534 14 378 28 1
-101.33 21.26 15.7507400512695 14.8757295608521 62.6128997802734 261.319946289062 27.4209995269775 3.66275000572205 23.7582492828369 17.8850002288818 15.5256662368774 18.6764163970947 12.2990417480469 634 145 9 92.9327163696289 369 36 159 42 1
-98.6 19.78 14.0043954849243 17.152458190918 71.4388122558594 174.629135131836 25.1709995269775 1.16100001335144 24.0100002288818 15.2252082824707 11.6059999465942 15.9348335266113 11.6059999465942 544 103 6 80.0406188964844 284 23 189 23 1
-103.71 25.7 19.5465412139893 16.6842498779297 56.3024635314941 471.824462890625 33.3585014343262 3.72525000572205 29.6332511901855 23.7468757629395 17.6739158630371 24.6082496643066 13.3044576644897 302 68 3 94.3996658325195 184 11 172 22 1
-106.14 28.61 17.4198741912842 17.4646663665771 51.4071083068848 586.736938476562 33.935001373291 -0.0382499992847443 33.9732513427734 23.0147075653076 11.5262088775635 24.2832908630371 9.98962497711182 423 108 4 109.318901062012 295 17 246 23 1
-101.22 25.56 18.6980304718018 15.1166458129883 57.7886581420898 415.438323974609 30.919750213623 4.76125001907349 26.1585006713867 22.4198760986328 16.8689994812012 23.1391258239746 13.0939168930054 330 55 6 64.4124908447266 162 32 149 43 1
-103.56 29.31 20.6258544921875 16.9699172973633 48.1112365722656 708.073181152344 37.3035011291504 2.03125 35.2722511291504 27.820499420166 13.5442504882812 28.8379173278809 11.5195837020874 319 58 6 72.333625793457 161 24 145 28 1
-102.22 22.08 16.9558753967285 17.5429592132568 63.677375793457 306.711059570312 30.0332508087158 2.4835000038147 27.5497512817383 19.1443748474121 15.9811668395996 20.320291519165 12.8347082138062 461 117 2 100.869537353516 287 15 204 36 1
-101.02 25.21 16.2394580841064 16.0164585113525 62.4435501098633 350.835174560547 28.5284996032715 2.87899994850159 25.6494998931885 19.2884998321533 14.6730003356934 20.0259990692139 11.5580835342407 457 78 10 64.9167556762695 219 42 179 59 1
-101.59 21.87 16.2048740386963 17.3659591674805 64.8455352783203 282.3310546875 29.2327499389648 2.4522500038147 26.7805004119873 18.0501251220703 15.5964584350586 19.2731246948242 12.426833152771 451 97 4 92.0224685668945 264 27 192 36 1
-99.9 20.5 16.878625869751 15.8520832061768 64.3517303466797 243.908981323242 28.7455005645752 4.11199998855591 24.6335010528564 18.8102493286133 14.7557916641235 19.5971260070801 13.6382493972778 566 121 5 93.2044525146484 332 25 171 25 1
-99.88 23.61 18.8558235168457 17.2438545227051 67.114990234375 309.679870605469 31.2562503814697 5.56325006484985 25.693000793457 21.351375579834 15.0101251602173 21.9670829772949 14.5211248397827 447 70 10 66.1778793334961 195 40 188 41 1
-103.57 29.16 19.9884166717529 16.4823341369629 48.0776290893555 684.42919921875 36.226749420166 1.94400000572205 34.2827491760254 26.8689575195312 13.0783338546753 27.8739585876465 11.141791343689 319 56 7 72.613899230957 164 24 148 27 1
-102.36 21.73 17.54905128479 17.8196449279785 63.7275085449219 301.410614013672 30.9705009460449 3.00824999809265 27.962251663208 19.685583114624 16.499792098999 20.8925838470459 13.516791343689 549 138 2 107.530281066895 357 15 240 34 1
-100.74 22.21 17.4582195281982 15.1353960037231 62.1117706298828 281.057220458984 29.5170001983643 5.14900016784668 24.3680000305176 19.2137088775635 14.8784999847412 20.4392910003662 13.6761665344238 392 71 8 74.028450012207 194 29 120 31 1
-103.62 25.5 21.0079383850098 16.8999996185303 56.3638648986816 481.021362304688 34.877498626709 4.89375019073486 29.9837493896484 25.2501678466797 19.1727924346924 26.1591663360596 14.6264171600342 297 63 2 88.6675567626953 173 12 121 27 1
-102.96 20.58 19.0406246185303 17.0534992218018 62.7157173156738 258.422332763672 32.4884986877441 5.29675006866455 27.1917495727539 21.085916519165 18.5945835113525 21.9695835113525 15.6133337020874 854 238 2 119.809661865234 596 13 197 30 1
-101.7 21.17 17.4559688568115 16.1874370574951 62.367919921875 274.975494384766 30.1254997253418 4.1707501411438 25.9547500610352 19.8050422668457 16.9851665496826 20.4679584503174 13.8057498931885 567 132 5 99.7606582641602 349 25 260 33 1
-101.05 21.76 16.951208114624 15.821249961853 64.6761856079102 270.891357421875 28.857250213623 4.39499998092651 24.4622497558594 19.301082611084 14.5405416488647 19.818208694458 13.343542098999 402 80 8 78.3389053344727 208 31 113 33 1
-100.36 20.64 17.9987602233887 16.7236461639404 64.7945861816406 262.032989501953 30.363000869751 4.55275011062622 25.8102512359619 20.1868743896484 15.5164585113525 20.785249710083 14.4651250839233 593 137 5 97.7659683227539 361 24 166 26 1
-102.08 22.11 16.8301563262939 17.7846870422363 64.9224243164062 294.668518066406 29.8932495117188 2.49950003623962 27.3937492370605 18.9369583129883 15.8693752288818 20.0601253509521 12.8627080917358 456 112 2 100.056762695312 282 16 201 34 1
-100.86 22.23 17.8556671142578 15.9022493362427 62.0920906066895 304.472351074219 30.213249206543 4.60249996185303 25.6107482910156 20.5590419769287 15.0428333282471 21.0160827636719 13.7282915115356 387 66 8 73.3794784545898 187 30 169 33 1
-101.86 20.97 18.6220626831055 17.372917175293 62.2707481384277 295.820068359375 32.0437507629395 4.14475011825562 27.8990001678467 20.3473339080811 18.0659160614014 21.9415416717529 14.7470836639404 682 180 5 111.389495849609 447 20 321 31 1
-102.65 29.06 16.8657913208008 14.1470413208008 49.5808982849121 541.343933105469 30.2964992523193 1.76324999332428 28.5332489013672 22.331750869751 10.9246244430542 22.9488334655762 9.75816631317139 337 62 6 67.7199401855469 167 28 156 36 1
-103.67 22.58 17.3774585723877 18.5257911682129 63.8495635986328 330.733062744141 31.2614994049072 2.24674987792969 29.0147495269775 19.978874206543 15.7883749008179 21.0389575958252 13.0334997177124 600 155 1 107.860961914062 388 15 254 61 1
-97.09 18.51 13.3341875076294 11.6076250076294 63.6932907104492 184.274154663086 22.7600002288818 4.53574991226196 18.224250793457 13.9919166564941 11.9957504272461 15.5439167022705 10.946249961853 1389 253 20 81.640998840332 726 82 335 145 1
-100.61 20.67 16.6257495880127 15.4718332290649 63.5452270507812 241.542053222656 28.5387496948242 4.19099998474121 24.347749710083 18.4607086181641 14.501166343689 19.404125213623 13.4245004653931 586 138 7 98.0269775390625 360 28 162 29 1
-100.48 21.02 16.7676467895508 15.7165412902832 63.3246383666992 259.905364990234 28.8482494354248 4.0292501449585 24.8190002441406 18.9324588775635 13.5384998321533 19.5759162902832 13.2655420303345 471 101 7 88.337028503418 268 29 137 31 1
-100.87 22.13 17.4304161071777 15.2845001220703 62.8791198730469 282.124633789062 29.2912502288818 4.9835000038147 24.3077507019043 19.8755836486816 14.8636665344238 20.3827495574951 13.6277084350586 379 64 8 73.2546310424805 184 30 119 32 1
-100.96 23.53 15.4029788970947 16.7553749084473 66.3303375244141 301.597564697266 27.6722507476807 2.41175007820129 25.2604999542236 17.83420753479 12.3899164199829 18.5578346252441 11.3122911453247 363 57 9 62.3365631103516 160 34 149 39 1
-100.58 20.44 17.3918533325195 17.1123752593994 65.0036544799805 250.487350463867 30.0949993133545 3.76974987983704 26.3252487182617 19.3808746337891 17.1027088165283 20.2334575653076 14.0582914352417 653 163 6 106.137451171875 417 24 164 28 1
-105.99 28.71 18.132884979248 18.082103729248 50.9846954345703 630.419860839844 35.0989990234375 -0.366750001907349 35.465747833252 24.3202075958252 11.7853336334229 25.5026664733887 10.1263332366943 368 88 4 104.452377319336 249 16 209 22 1
-100.39 20.52 17.9987602233887 16.7236461639404 64.7945861816406 262.032989501953 30.363000869751 4.55275011062622 25.8102512359619 20.1868743896484 15.5164585113525 20.785249710083 14.4651250839233 593 137 5 97.7659683227539 361 24 166 26 1
-100.94 21.82 17.6900520324707 16.056604385376 64.153923034668 279.906646728516 29.9085006713867 4.88024997711182 25.0282516479492 20.1002922058105 15.1982078552246 20.6609172821045 13.9440832138062 370 71 8 76.9919967651367 189 28 111 29 1
-102.08 22.24 16.7496566772461 16.9426879882812 64.7433471679688 284.51611328125 29.3907508850098 3.22175002098083 26.1690006256104 18.6615829467773 15.9761667251587 19.8754997253418 12.9133749008179 421 106 3 95.2247924804688 253 18 186 37 1
-102.05 21.77 16.8158740997314 17.8264999389648 63.3465118408203 306.042541503906 30.2899990081787 2.1487500667572 28.1412487030029 18.9456253051758 15.8028745651245 20.2264156341553 12.7097501754761 534 130 3 104.501235961914 339 19 233 35 1
-99.79 20.62 17.9406356811523 16.0822715759277 64.2013244628906 250.409652709961 29.9785003662109 4.92875003814697 25.0497512817383 19.9533748626709 14.6125001907349 20.687292098999 14.6125001907349 460 87 6 83.700798034668 244 25 150 25 1
-101.93 21.98 16.5171146392822 16.9665203094482 64.4257507324219 279.605590820312 29.2915000915527 2.95650005340576 26.3349990844727 19.0812492370605 15.6854581832886 19.5914573669434 12.7568340301514 483 113 3 97.9352722167969 296 22 211 37 1
-100.89 30.05 19.0739479064941 14.1109790802002 42.0586128234863 731.821228027344 34.5197486877441 0.968999981880188 33.5507469177246 24.451000213623 10.6709585189819 27.529956817627 9.595458984375 507 75 16 45.8641891479492 191 60 162 60 1
-100.38 20.3 15.7112083435059 16.1019172668457 65.2606201171875 221.784606933594 27.5890007019043 2.91575002670288 24.6732501983643 16.857250213623 15.4861249923706 18.2450408935547 12.737208366394 837 199 5 112.402641296387 551 24 200 28 1
-100.23 24.87 13.0199689865112 15.2222290039062 69.1778030395508 247.02131652832 23.8652496337891 1.86074995994568 22.0044994354248 15.1730003356934 10.4022922515869 15.6562919616699 9.69449996948242 580 91 18 56.5611763000488 254 66 213 70 1
-104.12 23.55 15.2956037521362 16.523458480835 62.7367897033691 326.387084960938 28.0189990997314 1.68124997615814 26.3377494812012 17.898624420166 13.7725839614868 18.9735832214355 10.9964170455933 557 133 3 104.714981079102 359 17 224 42 1
-101.04 20.67 17.632698059082 15.5879373550415 62.4654350280762 256.737030029297 29.9260005950928 4.97149991989136 24.9545001983643 18.8749160766602 17.480167388916 20.6314163208008 14.2640419006348 621 153 6 108.721885681152 401 23 145 27 1
-104.05 29.16 17.1877918243408 16.0982074737549 49.3042526245117 613.514404296875 32.8569984436035 0.206249997019768 32.650749206543 23.2453746795654 10.753833770752 24.3138332366943 9.3172082901001 384 80 8 86.9956588745117 229 27 197 30 1
-98.71 19.79 14.8090524673462 17.2966461181641 70.882080078125 183.234451293945 26.2427501678467 1.84074997901917 24.4020004272461 16.1039161682129 12.3133335113525 16.8210010528564 12.3133335113525 491 94 5 81.6883010864258 263 20 169 20 1
-103.75 32.81 16.1338443756104 18.2287292480469 46.5954666137695 803.462646484375 35.3152503967285 -3.80599999427795 39.1212501525879 24.9102916717529 8.11845874786377 25.9407920837402 6.1417498588562 374 69 9 69.1073150634766 186 32 163 33 1
-103.65 22.2 16.3045616149902 17.4639587402344 63.6424217224121 306.444000244141 29.5699996948242 2.12925004959106 27.4407501220703 19.3365421295166 14.9440412521362 19.6825408935547 12.2252502441406 721 187 4 110.31517791748 473 22 318 58 1
-104.8 24.93 16.6315517425537 18.7048969268799 61.4509315490723 409.189636230469 31.0900001525879 0.651250004768372 30.4387493133545 20.2358341217041 14.7267084121704 21.2209587097168 11.3226671218872 533 127 3 109.314186096191 361 11 324 30 1
-100.79 24.82 15.2999477386475 17.7731037139893 67.0550308227539 322.790710449219 28.03125 1.52600002288818 26.5052490234375 18.1106662750244 11.9476671218872 18.7094593048096 10.9475421905518 415 60 11 53.5429306030273 175 49 158 56 1
-103.34 29.33 19.5524272918701 15.8753538131714 47.7386054992676 663.523864746094 35.3525009155273 2.09774994850159 33.2547492980957 26.2660427093506 12.7408752441406 27.2175846099854 10.9798336029053 342 58 7 70.3747100830078 169 27 156 31 1
-103.18 29.66 19.1322917938232 16.4743328094482 47.8748474121094 694.435302734375 35.2507514953613 0.83950001001358 34.4112510681152 26.3562088012695 12.002124786377 27.2325000762939 10.2026252746582 347 60 6 67.4190979003906 163 27 150 33 1
-103.79 23.79 14.75084400177 16.4998950958252 62.3213729858398 326.518493652344 27.7517509460449 1.27625000476837 26.4755001068115 17.2329177856445 13.4437913894653 18.5136661529541 10.4713335037231 522 113 4 97.5088806152344 320 18 205 39 1
-101.66 21.28 15.7028436660767 15.0387706756592 62.5312690734863 258.125915527344 27.4472503662109 3.3972499370575 24.0500011444092 17.8697509765625 15.3325004577637 18.54075050354 12.27174949646 635 152 7 96.9253158569336 381 32 152 41 1
-99.13 20.07 15.3552913665771 16.3177509307861 68.1731338500977 197.228576660156 26.7237491607666 2.78800010681152 23.9357490539551 16.7606658935547 12.706916809082 17.5794162750244 12.706916809082 510 92 6 75.6972351074219 251 27 164 27 1
-101.17 23.09 15.6437711715698 16.5149173736572 65.2428283691406 288.308380126953 28.0795001983643 2.7664999961853 25.3129997253418 17.8433742523193 14.8297080993652 18.6593322753906 11.7525835037231 373 60 8 67.1851959228516 171 32 156 38 1
-100.94 22.32 17.8556671142578 15.9022493362427 62.0920906066895 304.472351074219 30.213249206543 4.60249996185303 25.6107482910156 20.5590419769287 15.0428333282471 21.0160827636719 13.7282915115356 387 66 8 73.3794784545898 187 30 169 33 1
-100.29 21.33 17.7034683227539 14.5681457519531 63.0287284851074 248.905151367188 29.175500869751 6.06199979782104 23.1135005950928 19.7994174957275 15.5019998550415 20.3879585266113 14.4095001220703 464 90 8 83.282356262207 248 29 145 29 1
-100.61 21.4 16.6586570739746 15.4513540267944 63.8881721496582 261.438842773438 28.5555000305176 4.37050008773804 24.1849994659424 18.943000793457 13.402458190918 19.4116249084473 13.1175413131714 402 78 8 79.6634216308594 210 29 186 30 1
-100.49 25.62 18.8098220825195 13.8415212631226 56.8032073974609 395.683715820312 30.2022495269775 5.83475017547607 24.3675003051758 22.5727500915527 14.8309173583984 23.2012920379639 13.5482501983643 493 121 12 76.4063491821289 244 46 180 48 1
-104.6 30.04 18.2401676177979 17.8940830230713 49.4759330749512 695.911010742188 35.8479995727539 -0.319249987602234 36.1672477722168 25.4482498168945 11.2875833511353 26.5432910919189 9.53333377838135 345 70 6 84.1633834838867 197 23 173 28 1
-101.35 21.02 17.4550838470459 15.5273332595825 62.845890045166 258.108337402344 29.5634994506836 4.85650014877319 24.7069988250732 19.4874172210693 17.2045001983643 20.4279174804688 14.0342922210693 650 150 7 99.9532318115234 395 30 158 38 1
-99.23 20.02 15.9801559448242 16.6976451873779 68.350341796875 212.793914794922 27.2222499847412 2.79274988174438 24.429500579834 17.6844577789307 13.0562086105347 18.1955833435059 13.0562086105347 499 92 7 79.0702667236328 251 22 164 22 1
-106.1 28.7 17.7155513763428 17.8145198822021 51.2998695373535 609.481384277344 34.4679985046387 -0.258249998092651 34.7262496948242 23.6135406494141 11.5867080688477 24.8472080230713 9.98020839691162 403 101 4 107.008964538574 277 17 231 23 1
-98.03 18.95 16.6614894866943 17.1052703857422 71.6158676147461 184.400955200195 27.9874992370605 4.10274982452393 23.8847503662109 17.9404163360596 14.1207084655762 18.7382507324219 14.1207084655762 753 164 4 93.8871231079102 406 18 277 18 1
-99.9 24.76 17.0730838775635 14.7765827178955 64.7300796508789 301.986938476562 27.6767501831055 4.84875011444092 22.8279991149902 19.7915420532227 13.9570837020874 20.2887496948242 13.0179586410522 567 110 15 65.3910598754883 260 56 222 57 1
-100.26 20.45 15.978364944458 15.569354057312 63.8945922851562 237.328536987305 27.730749130249 3.36349987983704 24.3672485351562 17.8497505187988 13.8626670837402 18.6626663208008 12.8218336105347 793 188 4 111.326751708984 515 23 201 26 1
-103.5 30.06 16.6982192993164 16.7397289276123 49.9939651489258 647.538513183594 32.4327507019043 -1.05075001716614 33.4835014343262 23.675500869751 9.80454158782959 24.404333114624 8.55849933624268 409 78 8 72.236442565918 206 31 180 36 1
-101.05 25.57 18.3613014221191 14.9406871795654 58.140625 398.650268554688 30.3745002746582 4.67700004577637 25.6975002288818 21.9379997253418 14.1967086791992 22.6769580841064 13.0237913131714 323 55 6 59.5778923034668 151 33 133 42 1
-101.8 30.44 18.8540840148926 14.9535827636719 42.3956527709961 772.790771484375 34.9622497558594 -0.309249997138977 35.2714996337891 24.3646240234375 10.9093751907349 27.8623752593994 8.89550018310547 394 73 11 56.2330093383789 169 42 121 42 1
-100.54 20.81 16.6257495880127 15.4718332290649 63.5452270507812 241.542053222656 28.5387496948242 4.19099998474121 24.347749710083 18.4607086181641 14.501166343689 19.404125213623 13.4245004653931 586 138 7 98.0269775390625 360 28 162 29 1
-100.07 25.02 18.1831569671631 13.4093952178955 58.9637794494629 350.616271972656 28.7537498474121 6.01200008392334 22.7417488098145 21.519624710083 14.6487913131714 22.0321674346924 13.4684162139893 566 123 14 69.7440414428711 267 55 213 55 1
-102.99 21.15 18.6576881408691 17.8231258392334 63.1471481323242 275.940795898438 32.2985000610352 4.07375001907349 28.2247505187988 21.0283336639404 17.9570426940918 21.7154579162598 15.0011672973633 797 218 2 118.236877441406 548 14 390 32 1
-100.95 21.46 16.9448013305664 16.1710624694824 64.7140197753906 261.479919433594 29.1669998168945 4.17850017547607 24.9884986877441 19.0797500610352 14.6744995117188 19.84983253479 13.4733333587646 445 92 7 83.1598815917969 242 26 132 29 1
-100.41 21.09 16.7676467895508 15.7165412902832 63.3246383666992 259.905364990234 28.8482494354248 4.0292501449585 24.8190002441406 18.9324588775635 13.5384998321533 19.5759162902832 13.2655420303345 471 101 7 88.337028503418 268 29 137 31 1
-101.25 20.98 18.4253749847412 15.9004583358765 62.9260063171387 262.300323486328 30.7917499542236 5.52325010299683 25.2684993743896 20.5014171600342 18.1136665344238 21.4326248168945 14.9516248703003 657 158 6 105.499145507812 415 24 161 33 1
-102.68 21.87 17.974250793457 16.7118759155273 63.5831413269043 277.905151367188 30.888500213623 4.60500001907349 26.2835006713867 20.4975414276123 17.034875869751 21.0966243743896 14.2665004730225 613 160 2 109.852493286133 399 14 277 38 1
-97.79 18.16 20.2715110778809 14.3909378051758 68.1389083862305 176.273468017578 31.224250793457 10.1042499542236 21.1200008392334 20.9587078094482 18.1450424194336 22.5153751373291 18.1166248321533 530 127 5 95.6434860229492 289 15 199 19 1
-104.11 23.42 13.7056665420532 15.7559585571289 62.9873046875 305.276702880859 25.8764991760254 0.861999988555908 25.0144996643066 16.1210842132568 12.2860412597656 17.130916595459 9.66450023651123 634 149 4 103.446685791016 404 20 254 51 1
-100.4 22.62 17.7981986999512 13.9646873474121 60.8218078613281 284.939910888672 29.0512504577637 6.09124994277954 22.9600009918213 19.7247085571289 15.0209579467773 20.7727088928223 13.8814163208008 517 95 10 73.0104141235352 252 40 217 45 1
-101.84 21.89 16.5171146392822 16.9665203094482 64.4257507324219 279.605590820312 29.2915000915527 2.95650005340576 26.3349990844727 19.0812492370605 15.6854581832886 19.5914573669434 12.7568340301514 483 113 3 97.9352722167969 296 22 211 37 1
-100.19 24.32 17.3284797668457 18.7565002441406 68.6642532348633 313.987915039062 30.255500793457 2.93924999237061 27.3162498474121 20.0678329467773 13.5153331756592 20.5534591674805 13.0472078323364 334 50 9 57.3105621337891 140 37 130 39 1
-99.71 20.73 17.0206985473633 15.1354789733887 63.756519317627 231.629486083984 28.6232509613037 4.88374996185303 23.739501953125 18.7604579925537 13.9504995346069 19.6520004272461 13.9504995346069 506 96 6 84.4200439453125 268 26 163 26 1
-100.7 25.46 14.4678955078125 14.6180419921875 63.8258781433105 299.172821044922 25.6272506713867 2.72425007820129 22.9029998779297 17.0795421600342 13.1117076873779 17.6601257324219 10.4514579772949 506 83 12 61.892219543457 237 48 195 62 1
-100.21 19.86 15.5104274749756 16.1591033935547 67.0439605712891 203.784698486328 27.0405006408691 2.93825006484985 24.1022510528564 17.111457824707 13.544041633606 17.7975006103516 12.7508754730225 828 193 7 101.710784912109 508 32 205 34 1
-101.11 20.74 17.632698059082 15.5879373550415 62.4654350280762 256.737030029297 29.9260005950928 4.97149991989136 24.9545001983643 18.8749160766602 17.480167388916 20.6314163208008 14.2640419006348 621 153 6 108.721885681152 401 23 145 27 1
-103.69 28.76 17.5870323181152 16.1035633087158 50.2357177734375 597.440063476562 32.9942512512207 0.938250005245209 32.0559997558594 23.4308338165283 11.3190422058105 24.4407920837402 9.86329174041748 330 66 8 79.6829071044922 189 27 159 31 1
-100.51 31.38 18.0864067077637 15.3227710723877 42.4174423217773 779.909484863281 35.2317504882812 -0.892000019550323 36.1237487792969 23.4158325195312 8.1602087020874 27.3725414276123 8.1602087020874 541 87 20 49.0440216064453 204 70 150 70 1
-99.76 23.58 16.2917079925537 15.8734169006348 67.793830871582 269.458190917969 27.7287502288818 4.3144998550415 23.414249420166 18.4611663818359 13.5666246414185 19.029125213623 12.54212474823 473 72 11 62.9080123901367 205 43 199 44 1
-100.01 21.91 21.1059265136719 14.8511037826538 59.2580451965332 336.879302978516 33.0610008239746 7.99924993515015 25.0617504119873 23.4982490539551 18.0429172515869 24.6148338317871 16.5683746337891 546 103 10 78.2968597412109 274 35 223 36 1
-97.35 19.59 13.1911249160767 15.7623748779297 70.2266616821289 178.857986450195 23.6347503662109 1.18974995613098 22.4449996948242 14.2932910919189 10.7202081680298 15.0717916488647 10.7202081680298 629 113 10 74.7444152832031 293 35 204 35 1
-102.2 21.99 17.1331253051758 17.1720008850098 63.3793449401855 304.151000976562 30.0725002288818 2.97849988937378 27.0939998626709 19.3197498321533 16.1286659240723 20.4741668701172 13.054708480835 485 122 2 105.156677246094 311 14 213 32 1
-102.47 28.88 18.4212093353271 15.4241247177124 51.7145538330078 547.941650390625 32.319751739502 2.49425005912781 29.8255023956299 23.91575050354 12.5209999084473 24.5389175415039 11.1867084503174 283 52 5 64.2112045288086 134 23 128 31 1
-104.57 30.57 16.6815528869629 18.4468955993652 48.6995315551758 713.243347167969 34.6042518615723 -3.27474999427795 37.8790016174316 24.1955833435059 12.5880002975464 25.3135414123535 7.8301248550415 355 72 7 80.630012512207 197 25 172 34 1
-102.56 22.16 15.2215938568115 15.2222290039062 62.1435966491699 274.430358886719 27.2469997406006 2.75174999237061 24.4952507019043 17.6517505645752 14.4988746643066 18.2540416717529 11.5497913360596 611 150 3 102.182304382324 378 18 275 45 1
-105.59 25.3 15.6845941543579 17.9451465606689 62.318187713623 380.791076660156 29.3295001983643 0.533500015735626 28.7959995269775 19.287166595459 13.5542917251587 20.0250835418701 10.7722501754761 522 130 4 105.843757629395 345 18 321 48 1
-100.93 23.37 16.2173748016357 16.8940010070801 66.8758087158203 293.598846435547 28.5275001525879 3.26574993133545 25.2617492675781 18.5667495727539 13.3226671218872 19.2882080078125 12.238208770752 381 60 9 62.0206871032715 165 36 157 40 1
-100.69 21.02 17.0190620422363 16.3982925415039 62.8022384643555 280.096893310547 29.6157493591309 3.50475001335144 26.1110000610352 19.3635005950928 14.4915828704834 20.0216255187988 13.265832901001 496 108 7 90.9390716552734 285 27 143 29 1
-106.22 26.65 14.4438228607178 17.5716457366943 58.0271835327148 439.301452636719 29.4489994049072 -0.832750022411346 30.2817497253418 18.5963745117188 12.0124998092651 19.534875869751 8.86754131317139 667 169 6 108.031761169434 454 25 399 56 1
-101.35 20.68 19.3280620574951 16.7748336791992 62.2136917114258 284.126800537109 32.4532508850098 5.48999977111816 26.9632511138916 21.609375 19.0945835113525 22.6371669769287 15.6363334655762 627 162 4 110.085823059082 409 20 149 28 1
-101.93 21.28 18.1156139373779 17.5472297668457 62.8336143493652 295.7958984375 31.525749206543 3.59925007820129 27.9264984130859 20.7591667175293 17.4486675262451 21.3643741607666 14.1727495193481 585 142 4 104.79328918457 373 22 269 31 1
-101.68 21.53 16.5335521697998 16.5132293701172 63.7927398681641 276.540130615234 29.076000213623 3.19024991989136 25.8857498168945 19.0206661224365 15.8610410690308 19.5568752288818 12.8378753662109 525 119 6 96.5542068481445 316 29 233 36 1
-99.07 20.39 16.9381465911865 15.8111667633057 66.2594757080078 222.209655761719 28.4617500305176 4.59924983978271 23.8624992370605 18.1882495880127 13.9594993591309 19.3752918243408 13.9594993591309 435 78 7 73.4585113525391 203 27 145 27 1
-97.34 18.71 12.8573331832886 15.198166847229 71.9363174438477 159.123046875 23.4260005950928 2.29874992370605 21.1272506713867 13.7129163742065 10.7714166641235 14.6986665725708 10.7714166641235 494 98 6 79.0689849853516 238 26 184 26 1
-103.51 29.85 17.236478805542 17.6526260375977 50.3393478393555 665.673583984375 33.755500793457 -1.31174993515015 35.0672492980957 24.2456665039062 10.3526248931885 25.1215839385986 8.81291675567627 396 75 7 75.1427307128906 206 28 182 34 1
-103.71 29.19 20.4027614593506 16.5250625610352 47.4176826477051 705.176574707031 36.9942512512207 2.14424991607666 34.8500022888184 27.527250289917 13.357458114624 28.5979175567627 11.3379583358765 317 61 6 75.8652801513672 167 22 146 25 1
-100.9 21.17 17.3306865692139 16.6744174957275 63.7206382751465 280.354400634766 29.9317493438721 3.76375007629395 26.1679992675781 19.6852493286133 14.8530836105347 20.3371257781982 13.5813331604004 476 101 6 89.9618377685547 272 25 140 28 1
-101.62 21.37 15.2347602844238 15.2891874313354 62.5823783874512 270.695404052734 27.0914993286133 2.66100001335144 24.4305000305176 17.5793342590332 14.7952079772949 18.1303329467773 11.6182498931885 573 139 7 94.7922592163086 341 31 264 39 1
-100.37 21.27 16.6295833587646 14.9157915115356 63.0495567321777 252.727752685547 28.3470001220703 4.68975019454956 23.6572494506836 18.7994174957275 13.497875213623 19.3643760681152 13.2587919235229 452 91 8 83.2226409912109 243 32 133 33 1
-105.17 27.68 19.0650520324707 16.6364784240723 49.5860137939453 606.884155273438 35.1797485351562 1.62899994850159 33.5507469177246 24.7252502441406 16.25612449646 26.0208740234375 11.330207824707 348 80 3 105.188621520996 235 14 202 22 1
-103.95 30.39 15.4347085952759 16.7602500915527 49.772819519043 642.761535644531 31.8864994049072 -1.78699994087219 33.6735000610352 22.1269588470459 8.8521671295166 23.1913757324219 7.40345859527588 437 82 9 78.2390213012695 237 31 213 36 1
-104.9 24.57 14.2653436660767 18.1606464385986 62.5102882385254 374.457366943359 28.1650009155273 -0.887250006198883 29.0522518157959 17.675666809082 12.3058748245239 18.5287494659424 9.4536247253418 626 153 4 106.717933654785 418 16 375 47 1
-105.78 25.33 14.2251663208008 17.8272914886475 62.9194793701172 375.231597900391 27.6690006256104 -0.664499998092651 28.3334999084473 17.8974170684814 11.9913749694824 18.5179996490479 9.38995838165283 607 146 7 99.7120361328125 385 27 360 67 1
-105.38 25.92 17.3826866149902 17.6979160308838 56.6927490234375 455.898468017578 31.9715003967285 0.75424998998642 31.2172508239746 21.1920413970947 15.7187080383301 22.3582916259766 11.3413743972778 516 130 5 110.608421325684 352 17 214 29 1
-105.72 26.39 14.5392808914185 17.0938549041748 56.6227874755859 447.668182373047 29.0825004577637 -1.1065000295639 30.189001083374 18.6225833892822 12.2884168624878 19.636833190918 8.81516647338867 532 133 4 113.25959777832 376 17 324 32 1
-103.49 23.21 14.3456773757935 17.0081462860107 62.8099365234375 315.8798828125 27.5632495880127 0.484499990940094 27.0787487030029 16.7266674041748 13.0572080612183 17.907958984375 10.1532497406006 499 114 3 99.8147659301758 310 16 205 42 1
-103.27 30.04 17.1712398529053 16.7707710266113 49.3421211242676 664.411254882812 32.9792518615723 -1.00950002670288 33.9887504577637 24.3590431213379 10.0471668243408 24.970832824707 8.73283386230469 392 76 7 71.0203552246094 192 28 167 34 1
-99.1 19.8 15.6897392272949 17.3391876220703 69.1003875732422 201.934875488281 27.2487506866455 2.15599989891052 25.0927505493164 17.2285423278809 12.9213752746582 17.8432083129883 12.9213752746582 582 112 6 86.9626007080078 319 22 172 22 1
-104.33 29.84 17.1793651580811 17.6786460876465 49.8812026977539 672.409118652344 34.3144989013672 -1.12699997425079 35.4414978027344 24.0875415802002 10.4119167327881 25.1866664886475 8.73404121398926 377 73 7 82.0658111572266 211 26 189 30 1
-103.82 30.25 15.5111455917358 16.3598327636719 49.636547088623 631.548278808594 31.4125003814697 -1.54674994945526 32.9592514038086 22.1300430297852 8.95133304595947 23.0945835113525 7.583083152771 447 83 9 78.3689575195312 242 32 216 37 1
-100.65 24.52 15.3429584503174 18.4695835113525 69.1207504272461 309.726989746094 28.1030006408691 1.38224995136261 26.7207508087158 18.0775833129883 12.1028337478638 18.5857086181641 11.1689586639404 353 47 11 49.0545196533203 139 43 134 48 1
-104.02 29.67 18.8133640289307 17.8244380950928 49.1647605895996 698.617431640625 36.1632499694824 -0.0912500023841858 36.2545013427734 25.9736671447754 11.8050413131714 27.0757503509521 9.97325038909912 339 65 6 79.5276870727539 186 24 165 28 1
-105.36 31.17 15.6808128356934 17.3578338623047 47.4504089355469 752.359985351562 33.6237487792969 -2.95724987983704 36.580997467041 23.8015823364258 11.385666847229 24.7698745727539 6.30033302307129 297 61 6 80.9056777954102 170 22 142 31 1
-100 22.8 22.0274791717529 16.9118328094482 63.097972869873 337.586883544922 34.8247489929199 8.02225017547607 26.8024978637695 24.603666305542 18.6452083587646 25.5294589996338 17.349458694458 376 68 7 69.761833190918 178 30 163 36 1
-105.63 26.5 15.6874170303345 17.7337074279785 56.5379981994629 465.221221923828 30.511999130249 -0.853999972343445 31.3659992218018 19.859375 13.4482078552246 20.9048748016357 9.68200016021729 493 125 3 114.53303527832 351 14 302 26 1
-101.2 24.73 17.4209690093994 17.2108535766602 63.0036125183105 382.594757080078 30.28125 2.96399998664856 27.3172492980957 20.7951240539551 15.8954162597656 21.4735832214355 12.2548332214355 425 67 10 60.654899597168 195 42 190 57 1
-104.33 31.83 17.2065105438232 17.2634372711182 47.078784942627 760.857177734375 35.0315017700195 -1.6377500295639 36.6692504882812 25.4503746032715 12.8464584350586 26.4640827178955 7.73095846176147 345 75 8 74.5599517822266 180 29 148 35 1
-104.23 23.85 17.8368644714355 17.3253536224365 60.9109382629395 375.25537109375 31.378999710083 2.93525004386902 28.4437503814697 20.7845001220703 16.2707500457764 22.0894165039062 12.9289169311523 466 114 2 106.648681640625 307 13 194 34 1
-97.68 18.81 17.0578441619873 16.7800617218018 70.6521530151367 193.552841186523 28.4169998168945 4.66674995422363 23.7502498626709 18.8855838775635 14.4389581680298 19.2503757476807 14.4389581680298 524 114 3 87.1924514770508 259 19 221 19 1
-104.17 30.63 15.3260726928711 16.1281051635742 48.8545379638672 643.866760253906 31.6410007476807 -1.37150001525879 33.0125007629395 21.9778747558594 8.72100067138672 23.0387077331543 7.27116680145264 443 88 9 80.4716567993164 246 33 221 38 1
-99.79 20.86 18.7294273376465 15.0589790344238 62.1097717285156 258.445983886719 30.7272491455078 6.48150014877319 24.2457485198975 20.1510009765625 15.2897500991821 21.5898323059082 15.2897500991821 440 87 5 82.2840118408203 229 22 135 22 1
-102.07 26.9 20.9987392425537 15.5198535919189 50.9725074768066 572.682434082031 34.8122482299805 4.36474990844727 30.4474983215332 26.5254993438721 18.408332824707 27.2965831756592 13.3436250686646 251 40 5 56.9373512268066 110 22 103 36 1
-101.12 21.98 16.1762294769287 15.121958732605 64.6189193725586 261.039703369141 27.6024990081787 4.20074987411499 23.4017486572266 17.8902492523193 13.772292137146 18.9293746948242 12.679708480835 418 79 9 76.9326934814453 213 33 181 34 1
-101.05 21.86 16.1762294769287 15.121958732605 64.6189193725586 261.039703369141 27.6024990081787 4.20074987411499 23.4017486572266 17.8902492523193 13.772292137146 18.9293746948242 12.679708480835 418 79 9 76.9326934814453 213 33 181 34 1
-99.34 19.37 12.2223644256592 14.0315208435059 71.4690628051758 158.312057495117 21.3497505187988 1.71675002574921 19.6330013275146 13.4969997406006 9.98504161834717 13.7869167327881 9.98504161834717 1029 210 12 92.8197937011719 593 44 294 44 1
-103.7 30.51 15.7064266204834 15.9982290267944 48.6105842590332 643.498474121094 31.7202491760254 -1.19075000286102 32.9109992980957 22.4360408782959 9.08316707611084 23.525707244873 7.65520811080933 432 81 10 76.9375305175781 233 33 205 37 1
-105.95 25.93 14.2838850021362 16.7843952178955 58.8080177307129 404.466949462891 28.2465000152588 -0.29449999332428 28.5410003662109 17.989875793457 12.148458480835 18.8899154663086 9.05175018310547 608 151 7 106.827911376953 410 23 365 52 1
-101 25.67 19.789083480835 15.3687496185303 57.2068023681641 432.287628173828 32.1679992675781 5.30275011062622 26.8652496337891 23.7596664428711 15.3715000152588 24.5094165802002 13.9859170913696 278 56 6 58.9124221801758 125 31 101 38 1
-100.63 23.79 18.6404476165771 18.2063961029053 66.3407669067383 334.604553222656 31.786750793457 4.34299993515015 27.4437503814697 21.3431243896484 15.3610000610352 22.109001159668 14.0876245498657 434 75 11 65.4831390380859 202 42 168 44 1
-100.89 25.38 16.6431255340576 14.8506660461426 60.2510032653809 359.194152832031 28.3622493743896 3.71425008773804 24.6479988098145 19.8466663360596 15.0954580307007 20.5259990692139 11.8587913513184 400 64 9 61.4020538330078 188 40 172 49 1
-105 26.1 15.8960733413696 18.953104019165 59.1203727722168 445.447906494141 31.1424999237061 -0.916000008583069 32.0584983825684 19.6620006561279 14.0248756408691 20.900333404541 10.0882921218872 496 112 5 104.944038391113 322 17 200 24 1
-99.3 20.55 17.5325527191162 15.3451881408691 66.3992080688477 219.940795898438 28.6084995269775 5.4980001449585 23.1105003356934 18.827917098999 14.5751247406006 19.896333694458 14.5751247406006 468 87 7 76.7596588134766 226 28 149 28 1
-99.11 19.52 15.984354019165 16.1909999847412 69.2389144897461 189.609771728516 26.9212493896484 3.53699994087219 23.3842487335205 17.3356666564941 13.3926248550415 18.058874130249 13.3926248550415 627 128 7 92.3687057495117 363 23 187 23 1
-100.07 21.8 20.1648540496826 14.0140838623047 59.0427131652832 305.774627685547 31.8610000610352 8.1254997253418 23.7355003356934 22.1042499542236 17.5062923431396 23.3941669464111 16.0951251983643 505 102 9 80.2977600097656 259 33 146 33 1
-101.26 22.49 16.925802230835 15.8106460571289 63.3261756896973 283.190521240234 29.02174949646 4.05474996566772 24.9669990539551 19.4946250915527 16.3478336334229 19.9414157867432 13.1260414123535 400 68 8 74.1882934570312 196 32 173 36 1
-100.97 22.11 17.4304161071777 15.2845001220703 62.8791198730469 282.124633789062 29.2912502288818 4.9835000038147 24.3077507019043 19.8755836486816 14.8636665344238 20.3827495574951 13.6277084350586 379 64 8 73.2546310424805 184 30 119 32 1
-100.31 22.87 19.7154064178467 16.2182712554932 64.4349212646484 305.111694335938 31.8735008239746 6.70349979400635 25.1700019836426 22.0521259307861 16.6130828857422 22.8766670227051 15.4741249084473 406 69 11 63.4281845092773 173 40 167 41 1
-102.92 23.89 17.5259590148926 17.7102909088135 61.6438980102539 388.036193847656 31.3047504425049 2.57474994659424 28.7299995422363 20.732292175293 16.0306243896484 21.8071250915527 12.418041229248 372 85 3 95.439323425293 226 13 145 28 1
