"Longitude" "Latitude" "wc2.1_10m_bio_1" "wc2.1_10m_bio_2" "wc2.1_10m_bio_3" "wc2.1_10m_bio_4" "wc2.1_10m_bio_5" "wc2.1_10m_bio_6" "wc2.1_10m_bio_7" "wc2.1_10m_bio_8" "wc2.1_10m_bio_9" "wc2.1_10m_bio_10" "wc2.1_10m_bio_11" "wc2.1_10m_bio_12" "wc2.1_10m_bio_13" "wc2.1_10m_bio_14" "wc2.1_10m_bio_15" "wc2.1_10m_bio_16" "wc2.1_10m_bio_17" "wc2.1_10m_bio_18" "wc2.1_10m_bio_19" "occ"
-106.59 32.38 14.6476459503174 16.5219173431396 46.3545379638672 748.452331542969 32.7985000610352 -2.84400010108948 35.6425018310547 22.9625415802002 10.2745838165283 23.9915428161621 5.61154174804688 327 70 7 72.3580780029297 174 28 153 52 1
-99.75 29.43 19.7124271392822 13.7949371337891 42.8480758666992 690.805419921875 34.8819999694824 2.68700003623962 32.1949996948242 24.6942920684814 10.7453746795654 27.7143745422363 10.7453746795654 633 81 27 39.363639831543 218 89 196 89 1
-121.84 39.32 16.4854373931885 14.3810005187988 45.9027938842773 636.780822753906 34.4977493286133 3.16849994659424 31.3292503356934 8.78220844268799 24.1631240844727 24.1631240844727 8.78220844268799 468 94 1 86.8253173828125 242 10 10 242 1
-109.61 29.7 21.2331466674805 19.3139572143555 53.0606918334961 652.342224121094 39.4529991149902 3.0532500743866 36.3997497558594 28.3312911987305 20.4543342590332 29.0415000915527 13.2420415878296 509 155 6 103.920806884766 316 28 294 91 1
-111.54 25.82 21.4086780548096 15.7798118591309 58.4307632446289 456.972839355469 35.1057510375977 8.09974956512451 27.0060005187988 27.4807510375977 21.8136672973633 27.4807510375977 16.1765823364258 266 79 0 113.816329956055 174 3 174 58 1
-109.82 23.55 21.8702812194824 13.5665807723999 55.1007080078125 447.775482177734 33.798469543457 9.17704105377197 24.6214294433594 27.4215126037598 20.189624786377 27.4215126037598 16.5388603210449 422 156 1 135.362411499023 311 5 311 39 1
-110.37 29.11 22.3514270782471 20.5789375305176 57.0306434631348 616.525390625 40.0144996643066 3.93050003051758 36.0839996337891 29.6210422515869 21.0474166870117 29.7785415649414 14.8273754119873 436 120 2 110.943153381348 298 16 252 74 1
-109.78 23.36 22.5611152648926 13.4886875152588 54.7602729797363 450.840301513672 34.3375015258789 9.70524978637695 24.632251739502 28.0656261444092 20.9717922210693 28.0656261444092 17.1386661529541 410 154 1 138.002395629883 304 3 304 37 1
-106.82 32.26 16.2884998321533 17.5230007171631 46.936710357666 776.539184570312 34.8622512817383 -2.47099995613098 37.333251953125 24.9319591522217 12.1121664047241 25.9537925720215 6.8797082901001 249 58 5 74.5267333984375 133 19 116 41 1
-113.57 37.11 16.8332080841064 17.1492919921875 41.4001579284668 907.528198242188 39.0707511901855 -2.35249996185303 41.4232521057129 8.19887447357178 20.990291595459 28.251293182373 5.99462509155273 225 31 5 40.5135192871094 89 27 43 75 1
-107.62 32.15 16.4316558837891 16.6762294769287 46.0345039367676 763.167297363281 34.8839988708496 -1.34150004386902 36.2254981994629 24.7836246490479 16.1075839996338 25.8900413513184 7.17429161071777 259 56 4 80.6708374023438 148 16 121 46 1
-106.85 34.28 13.4893960952759 19.3754997253418 47.4566955566406 822.041564941406 34.5412483215332 -6.28649997711182 40.8277473449707 23.031042098999 8.8043327331543 23.6545829772949 3.44541668891907 235 50 8 70.7821350097656 125 25 101 30 1
-110.17 30.33 19.5255928039551 18.2544364929199 53.436092376709 609.953918457031 37.2244987487793 3.06325006484985 34.161247253418 26.4022903442383 18.4326248168945 26.9616661071777 12.1577920913696 519 151 4 101.775352478027 321 29 291 98 1
-110.24 29.82 19.8337287902832 18.2232913970947 53.579402923584 604.809875488281 37.1162490844727 3.10450005531311 34.0117492675781 26.6877918243408 18.7011260986328 27.1980419158936 12.5495004653931 577 167 4 102.919555664062 364 28 323 105 1
-110.18 23.86 22.1191349029541 15.9131870269775 59.6451873779297 441.071166992188 35.2642517089844 8.58450031280518 26.6797523498535 27.6473331451416 22.933292388916 27.6473331451416 16.750207901001 276 95 1 128.658584594727 200 3 200 37 1
-111.74 34.99 12.0043230056763 15.479603767395 43.509838104248 754.28125 31.5125007629395 -4.06475019454956 35.5772514343262 4.29966688156128 14.3403749465942 21.593542098999 3.37016677856445 583 70 10 37.7354888916016 189 67 141 173 1
-106.31 31.64 17.2487087249756 17.5040416717529 45.4387817382812 796.276611328125 36.1407508850098 -2.38150000572205 38.5222511291504 26.1665000915527 16.8831672668457 26.8503341674805 7.34962511062622 211 45 3 76.1170272827148 119 16 101 32 1
-120.97 38.51 15.6529893875122 14.8318128585815 46.0175857543945 645.356079101562 34.232250213623 2.00149989128113 32.2307510375977 9.39249992370605 23.525749206543 23.7034168243408 8.12887477874756 776 143 4 84.1075820922852 387 15 24 377 1
-122.92 39.06 13.9053859710693 16.1375617980957 49.4831314086914 600.222351074219 33.2900009155273 0.677749991416931 32.6122512817383 7.79949998855591 21.2630844116211 21.696834564209 7.09441661834717 851 178 1 92.6980133056641 463 11 20 462 1
-121.01 38.69 15.9191875457764 13.4414167404175 43.8928489685059 637.379943847656 33.5429992675781 2.91974997520447 30.6232490539551 8.83958339691162 23.6664161682129 23.7216243743896 8.36045837402344 707 127 3 84.3650588989258 348 13 21 338 1
-106.63 31.93 17.0645313262939 16.7555618286133 45.1848564147949 793.904357910156 35.4715003967285 -1.61074995994568 37.0822486877441 25.7798328399658 16.8997077941895 26.7922916412354 7.31487464904785 237 52 4 74.3517379760742 129 18 112 37 1
-121.96 40.52 13.364218711853 15.9363126754761 46.8877105712891 677.561950683594 33.4145011901855 -0.573750019073486 33.9882507324219 6.30324983596802 21.9191665649414 21.9322090148926 5.84633350372314 1139 187 5 73.2657699584961 537 42 56 519 1
-121.55 39.52 16.6680107116699 14.4848537445068 44.1184349060059 690.53662109375 35.7299995422363 2.89825010299683 32.8317489624023 10.0060415267944 25.1907081604004 25.1907081604004 8.6245002746582 808 158 1 85.8821258544922 414 16 16 406 1
-108.94 31.76 14.6296253204346 17.8886661529541 50.2395401000977 706.558898925781 32.7117500305176 -2.89499998092651 35.6067504882812 22.7603740692139 17.9152507781982 23.3714580535889 6.11466693878174 393 86 6 74.2314834594727 208 27 173 85 1
-122.23 40.19 16.9051456451416 15.2269172668457 43.414924621582 741.799682617188 37.2302513122559 2.15724992752075 35.0730018615723 8.36200046539307 26.1901264190674 26.1901264190674 8.36200046539307 686 126 2 78.9533157348633 338 21 21 338 1
-107.14 29.21 14.6919584274292 18.2837924957275 52.9316749572754 587.030395507812 31.7110004425049 -2.83124995231628 34.5422515869141 20.7363758087158 11.2661666870117 21.7941246032715 7.41108369827271 416 109 4 108.735198974609 287 19 248 29 1
-106.89 34.16 13.4421253204346 19.0420837402344 47.7673187255859 801.055053710938 33.8935012817383 -5.9707498550415 39.8642501831055 22.6030826568604 8.93454170227051 23.3595428466797 3.62700009346008 251 53 8 71.0983200073242 134 26 110 32 1
-109.82 22.99 23.1396217346191 12.6877269744873 57.1332054138184 396.108795166016 33.3454551696777 11.1381816864014 22.2072734832764 27.1766662597656 21.4433326721191 28.0721206665039 18.4463634490967 296 103 0 124.224388122559 209 2 196 34 1
-121.08 39.29 13.7786664962769 14.0992498397827 45.7793884277344 630.673706054688 31.5732498168945 0.774999976158142 30.7982501983643 6.67470836639404 21.6380424499512 21.7834167480469 6.67470836639404 1235 236 2 86.0514907836914 631 22 29 631 1
-97.85 30.79 18.8792819976807 13.0488128662109 39.3525466918945 735.215087890625 34.726749420166 1.567999958992 33.158748626709 22.6792087554932 10.545708656311 27.6066665649414 9.4913330078125 807 116 44 32.8647537231445 274 150 180 151 1
-109.26 31.36 17.0748653411865 19.3308963775635 51.8685646057129 695.957885742188 36.0480003356934 -1.22099995613098 37.2690010070801 24.9235420227051 20.5854167938232 25.6698341369629 8.69320869445801 338 81 5 82.8014144897461 191 23 163 66 1
-110.5 31.35 14.6649475097656 15.4524374008179 48.8653259277344 629.421691894531 31.1100006103516 -0.512499988079071 31.622501373291 21.812292098999 17.6500415802002 22.4792079925537 7.19287490844727 561 129 7 78.2122573852539 297 36 254 129 1
-109.13 31.78 15.6598749160767 18.6240005493164 50.7611198425293 719.502807617188 34.2874984741211 -2.40199995040894 36.6894989013672 23.9217929840088 19.0783748626709 24.5519580841064 6.98416709899902 352 78 5 76.7287368774414 190 22 156 75 1
-121.98 39.74 16.1007080078125 14.8742504119873 46.0449638366699 653.544677734375 34.2039985656738 1.90024995803833 32.3037490844727 9.8702917098999 24.0085411071777 24.0085411071777 8.19895839691162 611 123 1 85.165901184082 326 16 16 308 1
-110.56 31.49 15.6765623092651 17.2035827636719 50.9701805114746 640.633972167969 33.1297492980957 -0.622500002384186 33.7522506713867 23.0017910003662 18.6720409393311 23.6376667022705 8.07474994659424 521 126 6 83.2132797241211 287 32 247 114 1
-121.57 39.68 15.1169166564941 13.7944993972778 44.3292922973633 654.661376953125 33.3932495117188 2.27500009536743 31.1182498931885 8.19883346557617 23.2809581756592 23.3075408935547 7.71537494659424 1136 216 2 85.1321029663086 568 23 31 564 1
-122.19 40.46 16.7358646392822 15.0288124084473 42.9011573791504 745.720947265625 37.0097503662109 1.97850000858307 35.03125 8.14299964904785 26.1109161376953 26.1109161376953 8.14299964904785 826 157 2 79.0739059448242 406 25 25 406 1
-109.79 31.46 17.0933856964111 17.9332714080811 49.5424995422363 700.246215820312 35.5017509460449 -0.695999979972839 36.1977500915527 24.8718338012695 20.8262920379639 25.7094593048096 8.64591693878174 373 91 6 86.013427734375 213 27 186 71 1
-121.42 39.51 14.9675931930542 13.3897705078125 44.2618789672852 640.802551269531 32.7352485656738 2.48399996757507 30.2512493133545 8.16825008392334 22.9056243896484 22.9554576873779 7.62137508392334 1123 217 2 86.5029525756836 571 21 27 567 1
-107.3 32.94 14.6704273223877 17.214771270752 46.4573516845703 771.493286132812 33.4519996643066 -3.6029999256134 37.0550003051758 23.3449573516846 10.3007078170776 24.31858253479 5.34770822525024 298 63 4 78.4824371337891 168 21 139 43 1
-111.37 25.92 22.1280746459961 14.405445098877 53.98828125 497.524139404297 35.4362449645996 8.75370407104492 26.6825408935547 28.4693126678467 23.0496025085449 28.4693126678467 16.2579803466797 260 82 0 116.486587524414 172 3 172 53 1
-121.41 39.23 16.8668746948242 13.7878742218018 43.4719047546387 671.30810546875 35.2789993286133 3.56224989891052 31.7167491912842 8.91825008392334 25.0857906341553 25.0857906341553 8.91825008392334 737 141 1 86.5354690551758 372 12 12 372 1
-109.73 23.8 22.4429264068604 13.6870708465576 54.9175987243652 454.179351806641 34.6235885620117 9.70066452026367 24.922924041748 26.8835544586182 20.7067546844482 28.0960693359375 17.0415287017822 347 134 1 137.461471557617 256 4 255 34 1
-120.87 38.72 15.2833232879639 14.3671455383301 45.0836563110352 651.162902832031 33.5719985961914 1.70424997806549 31.867748260498 8.97379207611084 23.2686672210693 23.4661254882812 7.73104190826416 858 155 4 83.8620300292969 419 16 26 413 1
-122.11 40.16 16.654634475708 15.2020206451416 44.4019927978516 711.375122070312 36.3354988098145 2.09824991226196 34.237247467041 8.333083152771 25.4703330993652 25.4703330993652 8.333083152771 637 117 2 79.5888214111328 314 19 19 314 1
-121.23 39.24 15.6810417175293 13.7186250686646 43.8172225952148 657.858642578125 33.8959999084473 2.58724999427795 31.3087501525879 8.5669584274292 23.8376655578613 23.8655834197998 8.12845802307129 1022 192 2 86.584114074707 518 17 24 512 1
-107.18 32.68 15.561469078064 18.505729675293 48.0506057739258 782.2734375 34.9124984741211 -3.60050010681152 38.5130004882812 24.345832824707 15.2047080993652 25.3295822143555 6.10387516021729 272 58 4 77.1229782104492 152 19 126 42 1
-109.53 28.46 24.3085517883301 18.7095203399658 55.3135185241699 557.320861816406 41.2169990539551 7.39249992370605 33.8245010375977 30.2421245574951 23.5340824127197 30.9363327026367 17.4236660003662 581 163 4 110.812286376953 391 19 349 93 1
-107.31 32.85 14.6704273223877 17.214771270752 46.4573516845703 771.493286132812 33.4519996643066 -3.6029999256134 37.0550003051758 23.3449573516846 10.3007078170776 24.31858253479 5.34770822525024 298 63 4 78.4824371337891 168 21 139 43 1
-106.56 31.8 17.0639266967773 16.6940631866455 44.5270004272461 808.36962890625 35.7457504272461 -1.7462500333786 37.492000579834 25.9440422058105 16.9143333435059 26.8976249694824 7.04658365249634 235 49 4 73.6348495483398 129 18 110 38 1
-121.49 39.3 16.8668746948242 13.7878742218018 43.4719047546387 671.30810546875 35.2789993286133 3.56224989891052 31.7167491912842 8.91825008392334 25.0857906341553 25.0857906341553 8.91825008392334 737 141 1 86.5354690551758 372 12 12 372 1
-110.31 31.46 15.9223232269287 15.8080205917358 48.1797637939453 658.935974121094 32.8392486572266 0.0287500042468309 32.8104972839355 23.3227500915527 19.245792388916 24.1048336029053 8.06933307647705 500 117 6 79.8586044311523 269 33 232 112 1
-110.36 31.38 14.6649475097656 15.4524374008179 48.8653259277344 629.421691894531 31.1100006103516 -0.512499988079071 31.622501373291 21.812292098999 17.6500415802002 22.4792079925537 7.19287490844727 561 129 7 78.2122573852539 297 36 254 129 1
-110.11 31.44 17.1570205688477 16.949125289917 48.5978965759277 689.164184570312 35.0315017700195 0.155249997973442 34.8762512207031 24.8560409545898 20.7821674346924 25.713249206543 8.91154098510742 405 100 5 86.1487045288086 230 26 200 82 1
-121.99 39.96 16.7586879730225 15.4792079925537 44.5009460449219 725.424011230469 36.7939987182617 2.00999999046326 34.7840003967285 9.7874584197998 25.7318325042725 25.7318325042725 8.30574989318848 698 133 2 81.7956848144531 352 20 20 344 1
-111.54 25.93 21.0910835266113 15.8803749084473 57.1848487854004 478.055206298828 35.2724990844727 7.50225019454956 27.7702484130859 27.2969989776611 21.8640842437744 27.2969989776611 15.5437078475952 298 89 0 115.515487670898 200 3 200 61 1
-120.98 39.14 14.1128225326538 13.8738956451416 44.8706588745117 641.761657714844 32.0504989624023 1.13075006008148 30.9197483062744 6.91062498092651 22.0289154052734 22.3682498931885 6.91062498092651 1174 218 4 84.5390319824219 591 24 33 591 1
-109.24 26.4 24.0738258361816 14.0611114501953 52.9289207458496 522.405517578125 36.3250007629395 9.75897407531738 26.5660266876221 30.1714744567871 22.614315032959 30.1714744567871 17.6759624481201 378 114 1 113.444763183594 267 7 267 53 1
-122.47 39.34 15.8315725326538 16.0943546295166 47.0062561035156 676.72216796875 35.4667510986328 1.22800004482269 34.2387504577637 8.08812522888184 24.2433757781982 24.2433757781982 8.08812522888184 533 112 1 89.1252899169922 286 11 11 286 1
-111.1 25.52 22.8626728057861 14.6028938293457 53.796989440918 500.297943115234 36.4513893127441 9.30694484710693 27.1444435119629 27.5016193389893 24.1425933837891 29.1326389312744 16.8460655212402 224 81 0 128.823699951172 156 0 155 41 1
-110.24 23.44 22.6113166809082 14.1613445281982 58.7010498046875 412.552154541016 34.2329025268555 10.1083869934082 24.1245155334473 28.068172454834 22.2972049713135 28.068172454834 18.0511817932129 198 60 1 116.459838867188 131 4 131 22 1
-122.39 39.74 16.5709896087646 16.0318546295166 46.087085723877 701.533081054688 36.599250793457 1.81324994564056 34.7859992980957 8.51358318328857 25.2608757019043 25.2608757019043 8.51358318328857 562 112 2 84.4879302978516 287 15 15 287 1
-106.99 32.54 15.479208946228 18.7637920379639 48.1129035949707 792.875793457031 35.0497512817383 -3.94974994659424 38.9995002746582 24.341833114624 11.140417098999 25.3478336334229 5.85616683959961 271 59 5 74.0745010375977 146 21 128 43 1
-122.61 39.01 13.8167705535889 15.8099575042725 48.7393798828125 624.894897460938 32.8779983520508 0.440250009298325 32.4377479553223 7.46991634368896 21.6182498931885 21.8418750762939 6.84137487411499 781 160 2 91.2072677612305 423 13 21 422 1
-121.9 40.32 15.0492086410522 16.1377086639404 45.2664260864258 733.7666015625 36.0685005187988 0.418000012636185 35.6505012512207 7.31949996948242 24.3305416107178 24.3305416107178 6.91191673278809 913 154 3 75.0670623779297 435 31 31 420 1
-110.64 31.35 15.6765623092651 17.2035827636719 50.9701805114746 640.633972167969 33.1297492980957 -0.622500002384186 33.7522506713867 23.0017910003662 18.6720409393311 23.6376667022705 8.07474994659424 521 126 6 83.2132797241211 287 32 247 114 1
-108.98 31.52 14.6696977615356 18.3775215148926 50.7820625305176 702.251708984375 33.0872497558594 -3.10174989700317 36.1889991760254 22.676290512085 18.0410003662109 23.3770408630371 6.21933317184448 398 88 6 74.4299621582031 212 28 177 83 1
-110.23 31.39 15.9223232269287 15.8080205917358 48.1797637939453 658.935974121094 32.8392486572266 0.0287500042468309 32.8104972839355 23.3227500915527 19.245792388916 24.1048336029053 8.06933307647705 500 117 6 79.8586044311523 269 33 232 112 1
-109.16 31.9 15.7197599411011 18.7888965606689 50.5818901062012 729.664611816406 34.5482482910156 -2.59724998474121 37.1455001831055 24.100040435791 19.2259578704834 24.7509574890137 6.94833326339722 346 73 6 73.5048522949219 182 23 148 75 1
-110.81 29.59 21.927770614624 19.378791809082 55.6909828186035 616.742431640625 39.3867492675781 4.58974981307983 34.7970008850098 29.2993335723877 20.4263343811035 29.5154991149902 14.6184167861938 421 118 2 107.681602478027 280 16 236 77 1
-108.95 31.26 14.9006357192993 16.9461460113525 49.6357612609863 671.413696289062 32.3930015563965 -1.74800002574921 34.1410026550293 22.4497489929199 18.2512912750244 23.2330417633057 6.81679153442383 409 92 5 75.1037902832031 219 31 187 83 1
-110.1 24 21.7133235931396 15.4042711257935 58.7321586608887 443.026489257812 34.5830001831055 8.35500049591064 26.2280006408691 27.1901664733887 20.2988338470459 27.1901664733887 16.3060417175293 349 124 1 133.735794067383 261 4 261 39 1
-122.54 39.6 14.6696357727051 15.847770690918 47.4242782592773 659.640808105469 34.1007499694824 0.683749973773956 33.4169998168945 7.73366689682007 22.908332824707 22.9762496948242 7.2553334236145 711 141 2 87.1649475097656 373 17 22 370 1
-110 23.07 21.0694370269775 12.8537082672119 58.6753158569336 371.111419677734 31.3999996185303 9.49349975585938 21.9064998626709 25.6747913360596 19.6540832519531 25.6747913360596 16.6437911987305 452 163 0 134.818420410156 335 3 335 44 1
-106.91 34.07 13.4421253204346 19.0420837402344 47.7673187255859 801.055053710938 33.8935012817383 -5.9707498550415 39.8642501831055 22.6030826568604 8.93454170227051 23.3595428466797 3.62700009346008 251 53 8 71.0983200073242 134 26 110 32 1
-116.69 37.07 13.634822845459 17.3091449737549 43.3186225891113 830.459594726562 35.5267486572266 -4.43100023269653 39.9577484130859 5.6414999961853 17.0309162139893 24.1629581451416 3.9207501411438 131 18 5 33.8434219360352 45 20 35 42 1
-109.11 26.3 24.5882987976074 15.1843662261963 54.6664237976074 533.60498046875 37.4430694580078 9.66666698455811 27.7764015197754 30.8024101257324 22.8031463623047 30.8024101257324 18.1233520507812 372 108 1 110.910484313965 259 5 259 52 1
-106.87 32.38 15.6654891967773 17.9291038513184 47.2969818115234 782.645874023438 34.8175010681152 -3.08999991416931 37.9075012207031 24.3886260986328 11.3090000152588 25.43137550354 6.18504190444946 267 60 5 76.0191650390625 146 20 126 43 1
-122.61 38.92 13.961968421936 15.7926044464111 48.958309173584 617.255737304688 32.8385009765625 0.581250011920929 32.257251739502 6.97016668319702 21.6481246948242 21.8223323822021 6.97016668319702 793 165 2 91.8115158081055 432 11 20 432 1
-97.31 17.43 16.924186706543 14.8923749923706 69.1422424316406 148.276321411133 27.3924999237061 5.85375022888184 21.5387496948242 17.6994171142578 15.0164165496826 18.6948757171631 15.001708984375 644 141 3 93.0112915039062 356 13 241 20 1
-110.19 24.09 22.6754417419434 15.8882446289062 58.7089691162109 455.186401367188 36.0947113037109 9.03199005126953 27.0627212524414 28.3316955566406 23.5783786773682 28.3316955566406 17.1287155151367 263 92 1 128.782165527344 190 3 190 35 1
-111.11 30.19 20.0922183990479 19.4398956298828 54.7136497497559 642.354553222656 38.2122497558594 2.68199992179871 35.5302505493164 27.6917495727539 22.7298755645752 28.0199165344238 12.4283332824707 398 111 2 101.724464416504 251 20 219 74 1
-110.32 24.16 22.6754417419434 15.8882446289062 58.7089691162109 455.186401367188 36.0947113037109 9.03199005126953 27.0627212524414 28.3316955566406 23.5783786773682 28.3316955566406 17.1287155151367 263 92 1 128.782165527344 190 3 190 35 1
-109.93 22.88 22.7147350311279 12.8090333938599 58.3982276916504 381.630981445312 32.8481750488281 10.9142332077026 21.9339408874512 26.7330894470215 20.9652061462402 27.5414237976074 18.2655715942383 310 108 0 126.556854248047 221 2 212 37 1
-106.68 35.13 13.3115520477295 17.4797706604004 43.7486419677734 860.217224121094 34.1812515258789 -5.77374982833862 39.9550018310547 23.1692085266113 8.45120811462402 24.1344165802002 2.94449996948242 256 47 12 52.0193099975586 116 39 99 39 1
-109.62 23.62 23.1901626586914 13.673921585083 53.1913108825684 487.304656982422 35.4670600891113 9.76000022888184 25.7070598602295 28.097972869873 23.7867965698242 29.3154907226562 17.5046405792236 330 129 0 135.76643371582 243 2 232 33 1
-104.4 33.46 15.5620527267456 17.7980632781982 44.4879264831543 842.734985351562 35.0572509765625 -4.94925022125244 40.0065002441406 25.0094165802002 7.06116676330566 25.7974586486816 5.06562519073486 331 62 8 66.4548645019531 161 27 151 32 1
-122.63 38.01 14.616415977478 13.1232080459595 55.5650253295898 409.449859619141 27.900749206543 4.28299999237061 23.617748260498 9.60066699981689 19.1509170532227 19.619291305542 9.60066699981689 980 206 2 95.163932800293 550 10 15 550 1
-106.81 33.99 13.5465726852417 19.265230178833 48.0774383544922 807.381164550781 34.0202484130859 -6.05100011825562 40.0712471008301 22.7232494354248 9.06779193878174 23.5712509155273 3.68020820617676 260 54 8 69.2810134887695 137 27 114 35 1
-112.87 37.25 10.3741664886475 15.4257078170776 41.3045692443848 805.853515625 30.9167499542236 -6.42950010299683 37.346248626709 2.35083341598511 13.3545417785645 20.675708770752 1.02925002574921 407 52 12 31.2411403656006 139 61 87 119 1
-106.66 31.84 17.0645313262939 16.7555618286133 45.1848564147949 793.904357910156 35.4715003967285 -1.61074995994568 37.0822486877441 25.7798328399658 16.8997077941895 26.7922916412354 7.31487464904785 237 52 4 74.3517379760742 129 18 112 37 1
-99.6 33.07 17.7116031646729 14.3037080764771 38.6161422729492 839.20703125 35.7309989929199 -1.30974996089935 37.0407485961914 22.2308750152588 8.14795780181885 27.857873916626 7.10145807266235 646 87 24 40.0826263427734 219 89 185 94 1
-106.88 33.89 13.5838747024536 19.2489166259766 48.3282890319824 797.896850585938 33.9452514648438 -5.88425016403198 39.8295021057129 22.65966796875 9.12950038909912 23.4652080535889 3.81474995613098 254 53 7 71.3771057128906 136 25 112 33 1
-109.59 30.72 17.5856037139893 18.1987495422363 51.3541374206543 662.202270507812 35.8047485351562 0.367000013589859 35.4377479553223 24.9243335723877 21.0892505645752 25.6901245117188 9.55516624450684 442 115 4 90.0431747436523 253 32 228 89 1
-111.53 30.4 21.0384788513184 19.7789173126221 53.591236114502 688.152526855469 39.828498840332 2.92149996757507 36.9069976806641 29.1200828552246 23.9559173583984 29.4575424194336 12.7681255340576 289 74 2 97.6312637329102 177 14 155 58 1
-109.99 24.08 23.4445648193359 14.9873914718628 55.6612319946289 488.634338378906 36.5852165222168 9.65913009643555 26.9260864257812 28.4517402648926 24.101448059082 29.5981159210205 17.6440582275391 200 79 0 133.825698852539 145 2 142 28 1
-110.39 29.43 22.3052711486816 20.0817928314209 55.3255500793457 639.289978027344 40.1995010375977 3.90199995040894 36.2975006103516 29.8269996643066 20.9877090454102 30.1001243591309 14.6201667785645 450 125 2 112.498092651367 313 15 261 73 1
-109.78 23.14 22.5756816864014 12.6935968399048 56.7776527404785 398.697052001953 32.9591293334961 10.6024522781372 22.3566780090332 26.550817489624 20.9533157348633 27.5108985900879 17.8320159912109 375 135 0 130.340744018555 269 2 263 37 1
-110.41 24.03 23.1600742340088 16.4880638122559 59.8618698120117 452.042053222656 36.5991363525391 9.05561923980713 27.5435180664062 28.8298759460449 21.6105670928955 28.8298759460449 17.6476459503174 206 70 0 123.640815734863 144 2 144 32 1
-111.15 30.33 20.0922183990479 19.4398956298828 54.7136497497559 642.354553222656 38.2122497558594 2.68199992179871 35.5302505493164 27.6917495727539 22.7298755645752 28.0199165344238 12.4283332824707 398 111 2 101.724464416504 251 20 219 74 1
-113.94 37.15 15.2803335189819 16.6603336334229 43.1757469177246 827.001892089844 36.7012481689453 -1.8860000371933 38.5872497558594 7.07820844650269 18.1043739318848 25.816707611084 5.82175016403198 278 38 7 33.9316444396973 98 39 57 83 1
-121.83 39.75 16.4074592590332 14.700291633606 44.5247497558594 689.116271972656 35.4417495727539 2.42575001716614 33.015998840332 9.7877082824707 24.9160003662109 24.9160003662109 8.38679122924805 778 152 1 84.768928527832 402 18 18 387 1
-91.88 46.83 4.98757314682007 9.50481224060059 23.7428894042969 1051.68774414062 24.2302494049072 -15.8020000457764 40.0322494506836 17.1593322753906 -8.47004127502441 17.3605823516846 -8.47004127502441 756 103 19 49.2576293945312 302 72 298 72 1
-121.64 39.44 16.7660522460938 14.4383125305176 44.3443908691406 676.085083007812 35.4547500610352 2.89525008201599 32.5595016479492 10.3250417709351 25.0259590148926 25.0259590148926 8.6746244430542 666 131 1 86.3637008666992 345 13 13 339 1
-110.58 28.8 22.9117908477783 19.1590423583984 56.9514656066895 592.037902832031 39.2072486877441 5.56624984741211 33.640998840332 29.9368743896484 21.5313339233398 29.9423751831055 15.6641664505005 379 108 2 114.223823547363 270 13 218 60 1
-123.09 39.02 13.0288333892822 15.4561252593994 52.0693130493164 532.091369628906 30.7894992828369 1.10574996471405 29.6837501525879 7.85854148864746 19.5140838623047 20.0796241760254 7.24874973297119 1109 225 2 90.7356185913086 593 16 28 590 1
-121.27 39.34 13.9646148681641 13.9173536300659 45.8856735229492 624.640625 31.744499206543 1.41400003433228 30.3304996490479 7.50029182434082 21.7416667938232 21.8864574432373 6.9642915725708 1276 248 2 86.6458129882812 660 23 28 653 1
-121.7 39.74 16.4074592590332 14.700291633606 44.5247497558594 689.116271972656 35.4417495727539 2.42575001716614 33.015998840332 9.7877082824707 24.9160003662109 24.9160003662109 8.38679122924805 778 152 1 84.768928527832 402 18 18 387 1
-108.82 31.72 15.1594371795654 18.5988750457764 50.1466064453125 734.677673339844 34.0302505493164 -3.05874991416931 37.0890007019043 23.5181255340576 18.7910423278809 24.265417098999 6.31120824813843 345 74 5 74.2562561035156 184 23 151 73 1
-105.93 33.68 13.2908229827881 17.5259380340576 45.8410148620605 800.697814941406 32.7285003662109 -5.50349998474121 38.2320022583008 22.2533340454102 8.78637504577637 23.2055835723877 3.53808331489563 321 62 10 61.1768951416016 157 39 143 50 1
-114.19 37.06 16.394344329834 17.1842288970947 43.7140960693359 835.744201660156 38.0989990234375 -1.21150004863739 39.3104972839355 8.10720825195312 19.4444580078125 26.9732074737549 6.71483325958252 218 28 6 31.8399505615234 75 32 47 63 1
-114.03 37.09 16.8739795684814 17.2252502441406 43.4769706726074 844.447937011719 38.6660003662109 -0.953249990940094 39.6192512512207 8.54308319091797 20.0825424194336 27.5601253509521 7.05745840072632 214 28 5 34.3240051269531 76 29 44 64 1
-114.09 37.2 14.7348852157593 17.2674369812012 44.0128135681152 825.430053710938 36.515251159668 -2.71749997138977 39.2327499389648 6.55641651153564 17.7279586791992 25.2157917022705 5.16470813751221 256 33 7 30.5083599090576 87 39 53 73 1
-109.05 31.85 15.7197599411011 18.7888965606689 50.5818901062012 729.664611816406 34.5482482910156 -2.59724998474121 37.1455001831055 24.100040435791 19.2259578704834 24.7509574890137 6.94833326339722 346 73 6 73.5048522949219 182 23 148 75 1
-106.45 35.31 9.91948986053467 15.3824787139893 41.512279510498 803.036865234375 29.6749992370605 -7.38024997711182 37.055248260498 19.2382907867432 13.6794576644897 20.0877075195312 0.356375068426132 441 72 24 44.385684967041 187 76 166 83 1
-109.7 23.69 22.4429264068604 13.6870708465576 54.9175987243652 454.179351806641 34.6235885620117 9.70066452026367 24.922924041748 26.8835544586182 20.7067546844482 28.0960693359375 17.0415287017822 347 134 1 137.461471557617 256 4 255 34 1
-106.34 35.64 11.9445209503174 17.1003341674805 42.657787322998 855.131225585938 32.859001159668 -7.22825002670288 40.0872497558594 21.8315830230713 1.55383336544037 22.6122093200684 1.55383336544037 316 55 14 47.9389724731445 139 49 123 49 1
-106.16 35.84 11.0258436203003 17.7563533782959 42.8279342651367 862.378112792969 32.3409996032715 -9.11874961853027 41.4597473144531 21.2595825195312 2.22479176521301 21.5826663970947 0.449750185012817 284 54 11 56.5281448364258 135 38 121 39 1
-106.5 28.52 14.2348022460938 17.1681880950928 53.0135955810547 534.954650878906 30.2602500915527 -2.12424993515015 32.3844985961914 19.5450000762939 11.2255411148071 20.6192512512207 7.5180835723877 499 130 5 112.98429107666 355 21 301 28 1
-119.9 38.52 4.00557279586792 14.2658538818359 43.3273468017578 680.275146484375 23.1492500305176 -9.77649974822998 32.9257507324219 -3.4142918586731 12.478666305542 13.0803747177124 -3.4142918586731 846 148 14 70.9035873413086 400 53 57 400 1
-109.74 23.24 22.5406665802002 13.1177082061768 55.7512397766113 422.353576660156 33.6829986572266 10.1540002822876 23.5289993286133 26.5641670227051 21.0191669464111 27.7102088928223 17.456958770752 393 145 1 134.136749267578 286 3 284 38 1
-107.27 33.12 15.1989583969116 17.507625579834 45.9406204223633 799.360107421875 34.4199981689453 -3.68924999237061 38.1092491149902 24.1197090148926 10.8528337478638 25.1954174041748 5.52399969100952 277 59 4 75.6670761108398 152 20 126 39 1
-109.12 31.99 15.7197599411011 18.7888965606689 50.5818901062012 729.664611816406 34.5482482910156 -2.59724998474121 37.1455001831055 24.100040435791 19.2259578704834 24.7509574890137 6.94833326339722 346 73 6 73.5048522949219 182 23 148 75 1
-109.99 23.99 23.1138019561768 15.3849077224731 56.7529411315918 479.625274658203 36.2891693115234 9.18060493469238 27.1085643768311 29.0752735137939 24.0161628723145 29.0752735137939 17.3167934417725 258 99 0 135.238906860352 188 1 188 32 1
-110.44 24.12 23.1600742340088 16.4880638122559 59.8618698120117 452.042053222656 36.5991363525391 9.05561923980713 27.5435180664062 28.8298759460449 21.6105670928955 28.8298759460449 17.6476459503174 206 70 0 123.640815734863 144 2 144 32 1
-109.52 31.34 17.0019798278809 18.902416229248 50.6393852233887 705.253723144531 35.8247489929199 -1.50275003910065 37.3274993896484 24.8892498016357 20.6869163513184 25.6693325042725 8.48058319091797 350 86 6 87.7481155395508 203 25 177 65 1
-112.57 30.73 22.3118953704834 17.4679164886475 50.3423538208008 700.63525390625 39.8652496337891 5.16699981689453 34.6982498168945 31.0165004730225 24.6570835113525 31.0165004730225 14.0122499465942 178 38 1 69.491081237793 86 6 86 48 1
-109.07 30.76 18.1111145019531 17.7385215759277 51.5246505737305 660.736389160156 36.1230010986328 1.69574999809265 34.4272499084473 25.5955410003662 21.3802490234375 26.2400417327881 10.1490421295166 398 97 4 81.6163558959961 217 29 193 84 1
-79.71 43.71 7.22361469268799 9.79314613342285 26.2285385131836 1007.97448730469 26.5214996337891 -10.8162498474121 37.3377494812012 18.730749130249 -4.79374980926514 19.3002910614014 -5.3192081451416 823 82 48 15.9262199401855 240 161 236 166 1
-110.22 24 22.1191349029541 15.9131870269775 59.6451873779297 441.071166992188 35.2642517089844 8.58450031280518 26.6797523498535 27.6473331451416 22.933292388916 27.6473331451416 16.750207901001 276 95 1 128.658584594727 200 3 200 37 1
-110.16 23.52 20.6043548583984 14.1919584274292 60.0222358703613 388.820648193359 32.1122512817383 8.46774959564209 23.6445007324219 25.5011672973633 19.1327075958252 25.5011672973633 15.9781246185303 419 145 1 133.687286376953 315 5 315 45 1
-107.78 51.64 2.80232286453247 12.1738548278809 26.429708480835 1268.54138183594 24.9972496032715 -21.064001083374 46.0612487792969 15.3014583587646 -11.299708366394 17.3922080993652 -13.7931251525879 364 69 10 62.9582672119141 174 42 174 43 1
-113.03 37.3 12.8138437271118 15.9398546218872 41.4084053039551 838.915466308594 34.0817489624023 -4.41249990463257 38.4942474365234 4.57716655731201 15.9977083206177 23.5440406799316 3.11912488937378 395 53 11 33.5100288391113 142 60 80 120 1
-110.17 24.25 23.3027248382568 15.6017656326294 57.4990386962891 466.269744873047 36.7725868225098 9.63862895965576 27.1339569091797 29.1199378967285 21.6612663269043 29.1199378967285 17.6509857177734 240 84 0 127.549247741699 171 2 171 34 1
-97.68 30.63 19.1522083282471 12.5034170150757 38.5607414245605 728.684875488281 34.7089996337891 2.28375005722046 32.4252510070801 22.9174995422363 9.83708381652832 27.7828750610352 9.83708381652832 841 116 48 31.8122158050537 279 159 189 159 1
-106.4 31.76 17.7026348114014 16.3947696685791 43.9930267333984 798.725036621094 36.2222480773926 -1.04449999332428 37.2667465209961 26.5380821228027 17.427375793457 27.3924579620361 7.80362510681152 226 43 5 69.8587188720703 121 20 104 36 1
-110.11 30.03 18.7090930938721 17.984561920166 53.670841217041 593.799377441406 35.9930000305176 2.48399996757507 33.5089988708496 25.3626670837402 17.6038341522217 25.9375839233398 11.5397920608521 591 166 4 97.4704284667969 355 33 322 115 1
-106.74 32.32 16.2884998321533 17.5230007171631 46.936710357666 776.539184570312 34.8622512817383 -2.47099995613098 37.333251953125 24.9319591522217 12.1121664047241 25.9537925720215 6.8797082901001 249 58 5 74.5267333984375 133 19 116 41 1
-110.23 23.65 22.3160209655762 14.7916669845581 60.4249305725098 407.748321533203 34.2069511413574 9.72754001617432 24.4794120788574 27.68141746521 22.2303466796875 27.68141746521 17.6864967346191 228 72 1 123.159172058105 159 3 159 38 1
-112.14 24.63 19.8569965362549 8.79261016845703 46.7692031860352 366.447509765625 29.9283008575439 11.1283016204834 18.7999992370605 16.1861629486084 18.7933959960938 24.8871078491211 15.9996852874756 87 17 0 73.4809417724609 39 1 30 27 1
-111.33 30.45 20.6010417938232 19.9692497253418 54.0275268554688 674.575073242188 39.2895011901855 2.32824993133545 36.9612503051758 28.581958770752 23.4480419158936 28.925666809082 12.5169162750244 337 90 2 99.6698913574219 210 17 184 64 1
-122.39 40.6 16.6156768798828 14.1460208892822 42.1338577270508 732.421875 36.380500793457 2.80649995803833 33.5740013122559 8.29116630554199 25.7884178161621 25.8427925109863 8.29116630554199 1116 213 4 81.7281646728516 549 30 42 549 1
-110.11 30.57 17.972677230835 18.3525619506836 53.1473083496094 620.495544433594 35.8947486877441 1.36325001716614 34.5314979553223 24.9770832061768 16.9576663970947 25.6279582977295 10.5221252441406 523 143 4 96.2917861938477 312 32 282 104 1
-110.09 23.01 22.0152263641357 12.614031791687 58.2268371582031 376.626190185547 32.2036781311035 10.5400733947754 21.6636047363281 26.8892784118652 20.0333938598633 26.8892784118652 17.7411766052246 309 108 0 130.438751220703 222 2 222 21 1
-107.36 33.24 14.1517810821533 18.9401454925537 48.6430549621582 771.49365234375 33.7519989013672 -5.18499994277954 38.9370002746582 22.8565826416016 9.80912494659424 23.8282089233398 4.85554170608521 293 64 5 80.7966461181641 169 20 136 38 1
-109.79 34.97 12.4029064178467 18.0315628051758 44.9510765075684 843.330871582031 33.5750007629395 -6.53875017166138 40.1137504577637 22.3662090301514 16.1397495269775 22.9937496185303 2.28412485122681 238 42 8 52.5747261047363 107 28 84 44 1
-107.57 32.92 13.4482288360596 17.7894592285156 48.7092170715332 726.057495117188 32.1240005493164 -4.39774990081787 36.5217514038086 21.7012500762939 12.7627086639404 22.5446662902832 4.72424983978271 357 74 6 79.8164596557617 204 26 165 53 1
-105.33 33.4 13.552791595459 16.2201251983643 45.5432777404785 742.280639648438 31.5967502593994 -4.01800012588501 35.6147499084473 22.0102081298828 5.97583341598511 22.8029594421387 4.58850002288818 387 79 13 67.9813537597656 199 42 183 47 1
-87.85 42.93 8.31311416625977 9.94856262207031 25.7616310119629 1030.38098144531 27.3442497253418 -11.2735004425049 38.6177520751953 20.6157493591309 -4.86474990844727 20.6157493591309 -4.86474990844727 838 98 33 31.6873683929443 282 124 282 124 1
-109.78 35.07 12.2689790725708 17.9443740844727 44.66552734375 845.495483398438 33.5807495117188 -6.59425020217896 40.1749992370605 22.3093757629395 15.9307498931885 22.919792175293 2.15412497520447 231 39 7 49.4780235290527 100 28 78 44 1
-111.37 35.52 13.8561773300171 17.5188121795654 43.2873191833496 869.566528320312 35.2437515258789 -5.22725009918213 40.4710006713867 23.8830413818359 17.9061660766602 24.7068748474121 3.24866676330566 223 39 6 47.3275260925293 94 25 75 48 1
-122.8 42.47 11.9040832519531 15.439582824707 46.7497825622559 658.893310546875 31.9462509155273 -1.07974994182587 33.0260009765625 4.55208349227905 20.2685413360596 20.2704582214355 4.47712516784668 610 99 11 59.6616859436035 279 48 50 246 1
-109.43 23.44 22.9135551452637 12.7414093017578 53.5867614746094 448.661468505859 34.2191352844238 10.4419755935669 23.7771606445312 27.4016456604004 20.9048347473145 28.5109062194824 17.6816883087158 361 140 1 133.512649536133 262 3 247 36 1
-111.82 30.72 21.4152908325195 18.4087505340576 51.9870643615723 689.809326171875 39.4457511901855 4.03550004959106 35.4102516174316 29.5675411224365 24.2569999694824 29.8814163208008 13.1593332290649 302 76 3 90.5664825439453 175 14 151 66 1
-109.23 26.01 24.9691410064697 14.3509311676025 55.0052719116211 492.086883544922 37.0195426940918 10.9294414520264 26.0901012420654 30.7321910858154 23.5060081481934 30.7321910858154 18.9496192932129 350 103 1 111.672805786133 242 5 242 50 1
-120.03 39.57 6.76772928237915 16.0844573974609 44.8713111877441 712.136108398438 27.55299949646 -8.29275035858154 35.8457489013672 -1.39450013637543 15.9664583206177 15.9664583206177 -1.39450013637543 600 97 10 63.8768272399902 268 45 45 268 1
-110.11 23.75 21.1575202941895 14.7987079620361 59.3896331787109 413.201843261719 33.3919982910156 8.47399997711182 24.9179992675781 26.2566261291504 19.836124420166 26.2566261291504 16.1291656494141 390 140 1 136.541397094727 296 4 296 40 1
-121.91 40.22 15.0492086410522 16.1377086639404 45.2664260864258 733.7666015625 36.0685005187988 0.418000012636185 35.6505012512207 7.31949996948242 24.3305416107178 24.3305416107178 6.91191673278809 913 154 3 75.0670623779297 435 31 31 420 1
-110.29 24.07 22.6754417419434 15.8882446289062 58.7089691162109 455.186401367188 36.0947113037109 9.03199005126953 27.0627212524414 28.3316955566406 23.5783786773682 28.3316955566406 17.1287155151367 263 92 1 128.782165527344 190 3 190 35 1
-100.01 29.42 19.8152809143066 13.6756038665771 42.5590438842773 693.407836914062 34.8687515258789 2.73550009727478 32.1332511901855 24.867208480835 10.8386669158936 27.8272094726562 10.8386669158936 622 77 25 40.3359565734863 213 84 196 84 1
-99.73 32.22 17.5202178955078 13.5473957061768 38.7450370788574 792.973876953125 34.3712501525879 -0.594250023365021 34.9654998779297 23.181791305542 7.44054174423218 26.9905834197998 7.44054174423218 637 88 26 40.9707527160645 221 86 193 86 1
-110.25 36.72 11.8590517044067 14.9278955459595 37.7426910400391 909.008483886719 33.2992515563965 -6.25250005722046 39.5517501831055 22.5595417022705 15.9070415496826 23.3936672210693 1.01295828819275 226 30 7 34.1853561401367 79 31 63 51 1
-106.59 32.29 15.2358541488647 16.4136257171631 46.0898284912109 751.581176757812 33.2465019226074 -2.3657500743866 35.6122512817383 23.5649166107178 10.8382911682129 24.5652923583984 6.11337518692017 314 68 6 72.6907348632812 168 27 147 50 1
-120.99 38.83 15.2833232879639 14.3671455383301 45.0836563110352 651.162902832031 33.5719985961914 1.70424997806549 31.867748260498 8.97379207611084 23.2686672210693 23.4661254882812 7.73104190826416 858 155 4 83.8620300292969 419 16 26 413 1
-122.33 40.5 16.7358646392822 15.0288124084473 42.9011573791504 745.720947265625 37.0097503662109 1.97850000858307 35.03125 8.14299964904785 26.1109161376953 26.1109161376953 8.14299964904785 826 157 2 79.0739059448242 406 25 25 406 1
-108.76 26.09 24.9613018035889 16.2416877746582 57.001880645752 481.629821777344 38.4577484130859 9.96450042724609 28.4932479858398 30.240665435791 23.7621250152588 30.5661659240723 18.9903335571289 497 145 1 118.243942260742 365 8 273 59 1
-110.89 24 21.6143417358398 15.7341079711914 64.6504211425781 352.898345947266 33.4744186401367 9.13720989227295 24.3372077941895 25.925968170166 21.2193794250488 26.2302322387695 17.6775188446045 102 28 0 99.305061340332 62 1 60 25 1
-111.3 25.14 22.7588024139404 17.3019790649414 59.111141204834 481.945617675781 37.5837516784668 8.31350040435791 29.2702522277832 29.0579586029053 23.530834197998 29.0579586029053 17.158166885376 211 62 0 117.726921081543 147 2 147 41 1
-109.37 30.61 19.2141246795654 17.0812911987305 50.2579383850098 655.436645507812 36.9379997253418 2.95075011253357 33.9872512817383 26.3940830230713 18.5543327331543 27.1464157104492 11.2104587554932 417 106 4 87.6728515625 237 28 211 88 1
-109.16 31.02 15.5436773300171 16.7558536529541 49.9697418212891 655.851013183594 32.8482513427734 -0.683749973773956 33.5320014953613 22.9399166107178 18.7828330993652 23.6487503051758 7.65170860290527 423 99 5 78.1152954101562 229 32 199 87 1
-101.07 34.42 15.5387706756592 14.8861246109009 39.679931640625 849.571655273438 34.2239990234375 -3.29150009155273 37.5154991149902 23.9777488708496 5.00820827484131 25.9685001373291 5.00820827484131 528 93 12 59.1446685791016 218 45 218 45 1
-110.86 30.78 19.327709197998 18.5615425109863 53.6402626037598 640.795654296875 37.1559982299805 2.55224990844727 34.6037483215332 26.861499786377 22.0191249847412 27.2854995727539 11.7017087936401 450 120 3 96.3206329345703 269 25 239 95 1
-112.63 37.32 9.66950035095215 16.8592510223389 43.6014137268066 800.213439941406 30.9162502288818 -7.75050020217896 38.6667518615723 1.77408337593079 12.7747507095337 19.9137077331543 0.350041627883911 389 47 12 30.7426319122314 131 57 87 112 1
-110.07 34.42 11.6557083129883 17.6016674041748 45.909107208252 792.361267089844 31.9629993438721 -6.3772497177124 38.3402481079102 21.1140403747559 14.9656667709351 21.6022491455078 2.2112500667572 366 66 10 55.375919342041 166 37 134 73 1
-112.56 37.02 11.1547079086304 16.8969573974609 43.5404434204102 810.165710449219 32.580249786377 -6.22725009918213 38.8074989318848 3.23783349990845 14.3365001678467 21.5247917175293 1.72812497615814 379 48 11 32.4391441345215 132 55 82 111 1
-110.97 30.64 19.7466354370117 19.074104309082 53.8824119567871 647.936889648438 38.0084991455078 2.60899996757507 35.3994979858398 27.293083190918 18.5752086639404 27.7473335266113 11.9835834503174 440 119 3 98.0004272460938 267 25 237 90 1
-110.63 29.35 22.1429061889648 19.2218132019043 55.6226959228516 608.446105957031 39.408748626709 4.85125017166138 34.5574989318848 29.3476676940918 20.6938323974609 29.5895004272461 14.8802499771118 448 124 2 109.865951538086 304 16 255 79 1
-120.85 38.63 15.6529893875122 14.8318128585815 46.0175857543945 645.356079101562 34.232250213623 2.00149989128113 32.2307510375977 9.39249992370605 23.525749206543 23.7034168243408 8.12887477874756 776 143 4 84.1075820922852 387 15 24 377 1
-109.37 31.34 16.5819072723389 18.0596046447754 50.7075042724609 681.420654296875 34.7565002441406 -0.858749985694885 35.6152496337891 24.2411670684814 20.0282917022705 24.9834594726562 8.3727502822876 377 91 6 83.279670715332 212 27 183 73 1
-109.67 23.06 22.5756816864014 12.6935968399048 56.7776527404785 398.697052001953 32.9591293334961 10.6024522781372 22.3566780090332 26.550817489624 20.9533157348633 27.5108985900879 17.8320159912109 375 135 0 130.340744018555 269 2 263 37 1
-106.91 32.47 15.6654891967773 17.9291038513184 47.2969818115234 782.645874023438 34.8175010681152 -3.08999991416931 37.9075012207031 24.3886260986328 11.3090000152588 25.43137550354 6.18504190444946 267 60 5 76.0191650390625 146 20 126 43 1
-106.89 33.8 14.0603437423706 19.8660621643066 48.5476531982422 809.277893066406 34.7012481689453 -6.21950006484985 40.9207496643066 23.1848335266113 9.73991680145264 24.0774993896484 4.14320850372314 247 51 7 69.8889236450195 130 24 108 34 1
-121.78 39.22 16.8403949737549 14.4455833435059 44.7862586975098 668.466491699219 35.4025001525879 3.14800000190735 32.2545013427734 8.82395839691162 24.9566669464111 24.9566669464111 8.82395839691162 556 111 1 86.6329879760742 288 11 11 288 1
-97.34 17.29 16.3677387237549 13.8543128967285 72.4541091918945 127.483306884766 25.7434997558594 6.62200021743774 19.1215000152588 17.0477905273438 14.6870422363281 17.8576240539551 14.6870422363281 799 170 5 95.2562942504883 453 18 280 18 1
-110.45 28.78 22.546760559082 19.6095199584961 57.3507766723633 585.711975097656 39.2309989929199 5.03875017166138 34.1922492980957 29.4191246032715 21.2547912597656 29.5183753967285 15.341625213623 433 125 3 114.249038696289 305 15 254 68 1
-113.33 35.83 13.3123435974121 14.6167287826538 41.5501747131348 773.198425292969 32.632251739502 -2.54625010490417 35.1785011291504 23.077917098999 15.5476245880127 23.077917098999 4.31604146957397 314 49 9 42.3737030029297 118 38 118 80 1
-109.24 31.13 18.4628753662109 18.9480419158936 51.9024887084961 688.703491210938 37.1752510070801 0.668250024318695 36.5069999694824 26.2840003967285 21.9207077026367 26.9120826721191 10.1727504730225 316 79 4 85.6346740722656 181 21 157 63 1
-112.16 30.74 21.8634586334229 18.7182502746582 51.9983863830566 708.265014648438 40.2367515563965 4.23899984359741 35.9977531433105 30.4651660919189 24.4874591827393 30.6290836334229 13.4460830688477 252 62 2 86.6567459106445 143 10 120 58 1
-111.05 30.71 19.6771354675293 19.0199794769287 53.8969917297363 648.38525390625 37.8027496337891 2.51325011253357 35.2895011901855 27.3372077941895 22.3812923431396 27.7415828704834 11.9920835494995 432 112 4 93.7448654174805 256 25 225 91 1
-123.16 48.09 9.41899967193604 9.19436359405518 41.9729423522949 469.998016357422 22.0145454406738 0.109090909361839 21.9054546356201 4.37460613250732 15.3694543838501 15.3694543838501 3.96406054496765 923 151 24 58.8098793029785 425 87 87 382 1
-118.87 42.81 7.71910429000854 15.6792497634888 43.4210968017578 738.479919433594 29.1947498321533 -6.91499996185303 36.109748840332 5.88879156112671 17.2848339080811 17.2848339080811 -0.835708320140839 267 29 10 25.1546897888184 82 43 43 68 1
-108.12 29.28 11.6117496490479 18.013500213623 54.4769973754883 566.909606933594 28.2735004425049 -4.79274988174438 33.0662498474121 17.898624420166 10.9063749313354 18.5416660308838 4.71708345413208 638 163 11 91.2844009399414 382 42 349 105 1
-109.63 34.44 11.443187713623 18.2161254882812 47.5182609558105 779.150390625 31.5962505340576 -6.73874998092651 38.3349990844727 20.6080837249756 14.8585414886475 21.2219161987305 2.11208343505859 337 66 11 59.9766120910645 161 35 133 65 1
-112.34 30.77 22.1879692077637 18.7613544464111 51.9557609558105 708.500427246094 40.377498626709 4.26725006103516 36.1102485656738 30.9604587554932 24.6557922363281 30.9667911529541 13.8150415420532 192 43 1 75.0380020141602 99 6 79 49 1
-108.44 30.7 15.9565210342407 17.4244995117188 49.2952041625977 687.022888183594 34.0492515563965 -1.29799997806549 35.3472518920898 23.4624996185303 15.2637920379639 24.4972915649414 7.56608295440674 393 88 5 78.688591003418 218 30 185 65 1
-114.74 30.74 22.2274589538574 15.3157348632812 50.3236427307129 603.984252929688 37.8804359436035 7.44596290588379 30.4344730377197 27.7596282958984 23.8119049072266 29.9237575531006 15.1015529632568 61 11 0 65.5507431030273 29 1 23 21 1
-109.67 29.81 19.9175319671631 18.6085624694824 53.1225471496582 623.596862792969 37.5792503356934 2.54975008964539 35.0294990539551 26.7741260528564 19.0172080993652 27.4355411529541 12.3211250305176 583 171 5 100.764984130859 356 31 328 109 1
-122.06 39.88 16.4619693756104 15.1368541717529 45.2623291015625 683.148803710938 35.5354995727539 2.09299993515015 33.4425010681152 9.91933345794678 24.8242073059082 24.8242073059082 8.32512474060059 588 114 2 82.4797515869141 301 17 17 296 1
-110.17 29.72 19.8337287902832 18.2232913970947 53.579402923584 604.809875488281 37.1162490844727 3.10450005531311 34.0117492675781 26.6877918243408 18.7011260986328 27.1980419158936 12.5495004653931 577 167 4 102.919555664062 364 28 323 105 1
-123.19 39.15 13.0899267196655 14.8325624465942 53.6027908325195 484.710296630859 29.5715007781982 1.90024995803833 27.6712512969971 7.83679151535034 18.9113330841064 19.5389995574951 7.83679151535034 1161 236 2 90.6806793212891 617 16 28 617 1
-110.59 28.15 24.9359798431396 16.0241661071777 54.3542175292969 557.224060058594 38.484748840332 9.00374984741211 29.4809989929199 31.4924163818359 23.6727085113525 31.4924163818359 18.0947914123535 386 104 1 110.143768310547 271 11 271 67 1
-109.09 25.98 25.0045623779297 14.1317081451416 55.1782760620117 486.802551269531 36.8969993591309 11.28600025177 25.6110000610352 30.7054576873779 23.4195003509521 30.7054576873779 19.0619583129883 362 102 1 110.935531616211 250 5 250 48 1
-105.85 32.99 14.5770626068115 15.7056665420532 45.1033592224121 745.704711914062 32.201000213623 -2.62050008773804 34.8214988708496 22.7046241760254 14.3232917785645 23.7767925262451 5.51487493515015 353 69 9 63.8959312438965 177 39 157 60 1
-113 37.18 10.3741664886475 15.4257078170776 41.3045692443848 805.853515625 30.9167499542236 -6.42950010299683 37.346248626709 2.35083341598511 13.3545417785645 20.675708770752 1.02925002574921 407 52 12 31.2411403656006 139 61 87 119 1
-106.36 28.29 16.3032817840576 18.761812210083 55.0817642211914 536.052001953125 33.0395011901855 -1.02225005626678 34.0617523193359 21.5500411987305 13.4216251373291 22.6789169311523 9.54154109954834 455 120 4 117.250152587891 335 17 269 24 1
-110.21 29.91 20.8903026580811 18.3530216217041 53.0453262329102 620.666015625 38.4620018005371 3.86325001716614 34.5987510681152 27.8242492675781 19.8873329162598 28.4121246337891 13.3766250610352 505 154 4 106.826957702637 324 25 290 88 1
-113.05 37.68 10.0845937728882 17.0550212860107 41.3878974914551 883.295227050781 32.5972480773926 -8.61050033569336 41.2077484130859 16.5419158935547 13.7007913589478 21.3886241912842 -0.331250101327896 305 37 12 24.1289768218994 91 59 75 68 1
-96.3 16.91 19.3719902038574 12.7394371032715 68.6364364624023 134.213928222656 28.7574996948242 10.1967496871948 18.5607490539551 19.8452491760254 17.8337917327881 21.0830841064453 17.738790512085 897 177 5 93.2661361694336 487 22 291 35 1
-107.68 32.53 13.8231563568115 17.5173969268799 48.968204498291 721.112365722656 32.1855010986328 -3.58750009536743 35.7730026245117 22.0569591522217 12.9955835342407 22.8446254730225 5.21187496185303 355 74 5 78.0451278686523 198 24 166 59 1
-110.31 31.29 16.9261569976807 17.5901031494141 50.0725288391113 669.034973144531 35.0422515869141 -0.0870000049471855 35.1292533874512 24.3910427093506 20.4012508392334 25.2323341369629 8.9246244430542 483 120 6 84.0743942260742 267 32 233 105 1
-108.78 31.41 14.6531562805176 17.3987712860107 49.5702095031738 693.981323242188 32.6824989318848 -2.41674995422363 35.099250793457 22.4723320007324 18.1182498931885 23.3222904205322 6.33779191970825 391 87 5 74.7222290039062 210 29 177 78 1
-107.01 33.62 14.3045625686646 19.4344577789307 47.9082450866699 812.971862792969 34.6254997253418 -5.94050025939941 40.5660018920898 23.4484577178955 10.046124458313 24.3828754425049 4.37779188156128 240 51 5 74.0778503417969 130 19 107 31 1
-108.79 35.08 9.39970874786377 18.0221672058105 45.7415390014648 796.958190917969 30.2627506256104 -9.13724994659424 39.4000015258789 18.8830413818359 12.8156251907349 19.4327507019043 -0.0944582596421242 330 59 12 50.3492393493652 144 42 121 65 1
-97.31 25.95 23.0620365142822 8.7438325881958 38.887149810791 498.19775390625 33.3002662658691 10.8151197433472 22.4851455688477 26.801326751709 20.3197612762451 28.6556148529053 16.4015922546387 705 158 19 59.8699951171875 304 95 189 111 1
-123.97 40.86 11.4423542022705 12.8354167938232 56.2081680297852 379.952178955078 25.4085006713867 2.57299995422363 22.8355007171631 7.91870832443237 15.8787078857422 16.5318336486816 7.40491676330566 1446 255 5 79.6670532226562 723 42 55 686 1
-105.94 33.37 12.6608648300171 16.1769371032715 46.6429405212402 725.280151367188 30.3112506866455 -4.37125015258789 34.682502746582 20.7565422058105 11.9766664505005 21.7053337097168 3.93225002288818 441 85 13 63.8177719116211 221 55 198 76 1
-120.55 38.47 13.4356145858765 14.6641044616699 46.0914306640625 647.710693359375 32.1394996643066 0.324250012636185 31.8152503967285 7.11324977874756 21.3892498016357 21.8006248474121 6.12987470626831 1123 201 5 82.8523178100586 546 23 35 546 1
-109 30 15.4631462097168 16.4877090454102 51.540599822998 586.874938964844 31.8519992828369 -0.137749999761581 31.9897499084473 21.8955421447754 14.5099172592163 22.6329154968262 8.32066631317139 753 164 8 76.1247253417969 378 55 346 187 1
-109.77 29.98 20.8875732421875 19.049186706543 53.2219123840332 639.963134765625 38.976001739502 3.18400001525879 35.7919998168945 27.8915824890137 20.0846252441406 28.5795421600342 13.0819997787476 486 152 5 104.729225158691 304 25 280 87 1
-109.19 30.38 18.0808849334717 16.4722290039062 50.022331237793 631.867919921875 35.2680015563965 2.33824992179871 32.9297523498535 24.9390411376953 17.3334159851074 25.7302494049072 10.3513336181641 522 125 5 81.9951858520508 280 37 253 117 1
-114.25 28.72 18.6731662750244 14.3268337249756 65.3038787841797 293.355255126953 30.1832866668701 8.24456787109375 21.9387187957764 15.753342628479 17.6612815856934 22.81884765625 15.753342628479 116 27 0 93.7784042358398 73 2 8 73 1
-114.97 29.93 18.0285530090332 18.0753116607666 57.2651443481445 531.175537109375 35.9599990844727 4.39575004577637 31.5642490386963 12.2162504196167 18.458625793457 25.2816677093506 12.2162504196167 125 22 0 63.103099822998 57 4 30 57 1
-109.89 31.43 16.0517387390137 16.0523128509521 48.1151962280273 666.2255859375 33.2355003356934 -0.126750007271767 33.3622512817383 23.4705829620361 19.5192489624023 24.3157920837402 8.08070850372314 469 109 6 79.7660217285156 253 32 219 101 1
-106.03 34.17 11.5215835571289 17.8098754882812 46.3835067749023 793.492431640625 31.6077499389648 -6.78924989700317 38.3969993591309 20.5131244659424 6.98979187011719 21.4490833282471 1.93179178237915 374 75 14 64.6130981445312 189 48 168 59 1
-120.85 38.48 16.0956878662109 15.3296251296997 46.3592834472656 651.684936523438 35.1510009765625 2.08400011062622 33.0670013427734 9.80708312988281 24.0147914886475 24.0881252288818 8.39200019836426 676 128 3 85.3706817626953 352 12 19 333 1
-115.37 30.05 17.7920627593994 15.7861251831055 58.6523170471191 438.3642578125 32.84375 5.92899990081787 26.9147491455078 12.9729585647583 20.4864158630371 23.8152084350586 12.9729585647583 157 28 0 73.5088729858398 82 5 26 82 1
-113.8 28.25 19.199104309082 14.3476247787476 57.3927955627441 391.747314453125 32.0130004882812 7.01399993896484 24.9990005493164 14.7332496643066 18.9830837249756 24.5265426635742 14.7332496643066 98 22 0 69.5936508178711 50 3 21 50 1
-110.3 28.25 23.8416137695312 17.8583126068115 55.764965057373 549.2646484375 39.4565010070801 7.43225002288818 32.0242500305176 30.0742073059082 22.7666244506836 30.3346672058105 17.0685405731201 454 126 2 115.344497680664 324 12 266 68 1
-98.86 28.89 20.8130111694336 13.7601451873779 43.2712364196777 665.80322265625 35.8337516784668 4.03399991989136 31.7997512817383 25.8091659545898 13.9202919006348 28.4435424804688 12.0999584197998 662 94 26 42.0353126525879 226 97 180 103 1
-111.1 30.56 20.2742500305176 19.3852500915527 53.8105506896973 657.86181640625 38.7412490844727 2.71624994277954 36.0249977111816 27.9919166564941 23.1035423278809 28.4202919006348 12.428915977478 379 102 2 99.6848526000977 235 20 207 75 1
-71.52 41.17 10.3121213912964 8.05757617950439 27.192310333252 791.509460449219 25.3999996185303 -4.23181819915771 29.6318168640137 3.55303025245667 17.0249996185303 20.0310611724854 0.91060608625412 1088 108 70 12.2306900024414 307 238 251 284 1
-81.36 27.21 22.5110931396484 13.1322708129883 54.7029800415039 419.872039794922 33.6175003051758 9.61100006103516 24.0065002441406 27.1736259460449 18.3060417175293 27.2617073059082 17.0895004272461 1218 206 41 61.1642303466797 570 140 525 156 1
-105.5 39 3.5066978931427 17.181604385376 42.156982421875 846.023620605469 24.3902492523193 -16.3659992218018 40.7562484741211 14.1095409393311 -6.69500017166138 14.1095409393311 -6.69500017166138 373 69 10 62.7254753112793 178 37 178 37 1
-109.92 23.65 18.0983753204346 13.2511672973633 59.6348724365234 368.643218994141 28.8460006713867 6.62550020217896 22.2205009460449 22.5868759155273 16.8680419921875 22.5868759155273 13.6547918319702 604 194 1 126.753631591797 445 8 445 63 1
-114.92 29.67 18.5013027191162 16.5845203399658 57.217601776123 487.352172851562 34.9717483520508 5.98675012588501 28.9849987030029 13.1958332061768 18.6713752746582 25.1999588012695 13.1958332061768 120 23 0 69.0169219970703 60 4 23 60 1
-109.4 31.48 16.5819072723389 18.0596046447754 50.7075042724609 681.420654296875 34.7565002441406 -0.858749985694885 35.6152496337891 24.2411670684814 20.0282917022705 24.9834594726562 8.3727502822876 377 91 6 83.279670715332 212 27 183 73 1
-109.72 23.48 22.5611152648926 13.4886875152588 54.7602729797363 450.840301513672 34.3375015258789 9.70524978637695 24.632251739502 28.0656261444092 20.9717922210693 28.0656261444092 17.1386661529541 410 154 1 138.002395629883 304 3 304 37 1
-110.16 23.35 21.5126037597656 13.9616670608521 59.1126403808594 397.343994140625 32.8665008544922 9.2477502822876 23.6187515258789 26.6282920837402 19.7441673278809 26.6282920837402 16.8994178771973 349 121 1 133.065628051758 259 4 259 41 1
-109.87 23.4 18.5015201568604 12.975625038147 59.7280731201172 360.704345703125 28.9412498474121 7.2167501449585 21.7244987487793 22.9306259155273 17.2091255187988 22.9306259155273 14.1982917785645 587 193 1 128.788528442383 435 6 435 60 1
-108.99 31.37 14.7285003662109 18.1710834503174 50.5303230285645 696.869873046875 33.1167488098145 -2.84400010108948 35.960750579834 22.6260414123535 18.1516246795654 23.4110412597656 6.36250019073486 402 90 5 74.7670822143555 215 29 181 82 1
-114.7 29.74 18.3054370880127 16.8449172973633 56.4375495910645 504.451812744141 35.3030014038086 5.45599985122681 29.8470020294189 12.8303747177124 18.5944576263428 25.2429180145264 12.8303747177124 121 22 0 65.1146926879883 57 4 27 57 1
-114.17 29.25 18.7265625 17.1835842132568 57.4408798217773 475.189422607422 35.6160011291504 5.70074987411499 29.9152507781982 13.6212501525879 18.8228340148926 25.316125869751 13.6212501525879 140 26 0 68.687370300293 67 4 28 67 1
-118.53 37.8 7.55341672897339 18.0362091064453 47.7334632873535 741.142944335938 28.6634998321533 -9.12174987792969 37.7852478027344 -0.855874955654144 14.0494585037231 17.0769157409668 -0.855874955654144 291 46 13 49.7563362121582 125 41 44 125 1
-110.62 29.92 20.2934684753418 18.2007713317871 54.6935157775879 590.415283203125 37.4119987487793 4.13425016403198 33.2777481079102 27.1042079925537 18.9548759460449 27.5718746185303 13.2650003433228 525 149 3 100.746398925781 329 28 285 97 1
-110.12 28.52 22.2885932922363 19.0953540802002 57.5989685058594 534.531799316406 38.8012504577637 5.64900016784668 33.1522521972656 28.2866668701172 21.1397914886475 28.6684169769287 15.7173328399658 573 167 3 113.862113952637 395 19 344 92 1
-122.95 40.95 7.17479181289673 14.2575836181641 47.9403610229492 584.970397949219 25.5542507171631 -4.18599987030029 29.7402496337891 1.68458330631256 14.4082498550415 15.0329580307007 1.0255833864212 1307 215 10 72.8014907836914 624 60 67 596 1
-110.5 28.27 23.7187805175781 16.781229019165 55.2827911376953 540.938171386719 38.3470001220703 7.99175024032593 30.3552494049072 29.964542388916 22.5067081451416 30.0839157104492 17.0659580230713 438 121 2 114.655387878418 314 11 251 66 1
-111.85 24.66 20.6671199798584 10.4335145950317 50.830509185791 383.398956298828 31.4804344177246 10.9543476104736 20.526086807251 25.4195652008057 19.9869556427002 25.8945655822754 16.5840587615967 83 16 0 74.5269622802734 35 1 32 35 1
-99.35 30.06 17.9734992980957 14.2082500457764 42.7711334228516 700.939208984375 33.5107498168945 0.291500002145767 33.2192497253418 23.1403751373291 8.97391605377197 26.1897506713867 8.97391605377197 715 93 32 36.5275573730469 245 105 213 105 1
-108.08 30.6 16.1144905090332 17.708812713623 49.6758308410645 679.24560546875 34.1020011901855 -1.54674994945526 35.6487503051758 23.4321250915527 15.7049999237061 24.4456253051758 7.70745801925659 333 80 6 87.0149993896484 198 22 169 50 1
-121.58 39.15 17.1283435821533 14.1701459884644 43.9599075317383 671.113342285156 35.5724983215332 3.33824992179871 32.2342491149902 10.7291250228882 25.2489986419678 25.2489986419678 9.01500034332275 539 106 2 86.1710586547852 277 10 10 277 1
-110.41 31.49 14.6649475097656 15.4524374008179 48.8653259277344 629.421691894531 31.1100006103516 -0.512499988079071 31.622501373291 21.812292098999 17.6500415802002 22.4792079925537 7.19287490844727 561 129 7 78.2122573852539 297 36 254 129 1
-117.93 37.46 11.2674789428711 16.828540802002 42.8572463989258 814.442932128906 32.640251159668 -6.62624979019165 39.2665023803711 3.508624792099 14.4704580307007 21.6703758239746 1.73837506771088 151 18 7 22.0765914916992 47 31 35 47 1
-122.13 40.28 16.7627086639404 15.5354166030884 43.3487014770508 765.239868164062 37.7630004882812 1.9247499704361 35.838249206543 8.08133316040039 26.3799991607666 26.3799991607666 8.08133316040039 765 137 2 77.4391403198242 368 24 24 368 1
-111.51 24.54 22.110164642334 13.2329959869385 57.4210395812988 393.630187988281 33.7072792053223 10.6617250442505 23.0455551147461 26.7928581237793 21.8589401245117 27.3544921875 17.703727722168 84 21 0 86.1090774536133 42 1 40 32 1
-110.3 28.5 23.4062614440918 18.6541042327881 56.4843711853027 558.849975585938 39.5444984436035 6.51924991607666 33.0252494812012 29.7756252288818 22.2760009765625 30.0319175720215 16.515417098999 473 134 2 115.472015380859 335 13 281 72 1
-109.75 30.45 17.9735107421875 17.9528121948242 52.6074333190918 617.000915527344 35.679500579834 1.5534999370575 34.1259994506836 24.7677917480469 17.0854587554932 25.5025405883789 10.4974584579468 549 140 3 89.0028610229492 309 37 281 113 1
