"Longitude" "Latitude" "wc2.1_10m_bio_1" "wc2.1_10m_bio_2" "wc2.1_10m_bio_3" "wc2.1_10m_bio_4" "wc2.1_10m_bio_5" "wc2.1_10m_bio_6" "wc2.1_10m_bio_7" "wc2.1_10m_bio_8" "wc2.1_10m_bio_9" "wc2.1_10m_bio_10" "wc2.1_10m_bio_11" "wc2.1_10m_bio_12" "wc2.1_10m_bio_13" "wc2.1_10m_bio_14" "wc2.1_10m_bio_15" "wc2.1_10m_bio_16" "wc2.1_10m_bio_17" "wc2.1_10m_bio_18" "wc2.1_10m_bio_19" "occ"
-104.25 29.9166666666667 17.1793651580811 17.6786460876465 49.8812026977539 672.409118652344 34.3144989013672 -1.12699997425079 35.4414978027344 24.0875415802002 10.4119167327881 25.1866664886475 8.73404121398926 377 73 7 82.0658111572266 211 26 189 30 0
-104.916666666667 29.4166666666667 19.8557300567627 17.8530406951904 48.2795181274414 726.365173339844 37.5294990539551 0.550999999046326 36.9785003662109 27.3064575195312 12.5611667633057 28.3779582977295 10.6124582290649 282 64 3 94.4886169433594 177 15 146 19 0
-103.75 29.4166666666667 18.4331245422363 15.8614587783813 47.4659461975098 665.450622558594 34.398250579834 0.981750011444092 33.4165000915527 25.2272090911865 11.5862922668457 26.2467079162598 9.93420886993408 369 69 7 77.64013671875 199 26 176 30 0
-101.583333333333 27.25 21.6062297821045 15.4892082214355 49.354621887207 611.347900390625 35.6800003051758 4.29650020599365 31.3834991455078 27.5480003356934 15.5427494049072 28.4084167480469 13.5071668624878 339 65 7 62.8053131103516 151 31 131 41 0
-101.416666666667 27.25 21.7216453552246 15.1812496185303 48.6134452819824 621.078857421875 35.7509994506836 4.52250003814697 31.2285003662109 27.8370418548584 15.529541015625 28.6533756256104 13.5037078857422 345 64 7 60.6250381469727 147 33 132 42 0
-100.583333333333 28.0833333333333 20.3568344116211 15.0769166946411 49.5788154602051 608.510437011719 35.0052490234375 4.59525012969971 30.4099998474121 24.271167755127 14.2952919006348 27.3258743286133 12.4428329467773 446 95 9 66.8258514404297 185 39 132 43 0
-104.75 29.75 18.5549793243408 17.2317924499512 48.4239692687988 700.336791992188 35.8617515563965 0.27649998664856 35.5852508544922 25.7910423278809 11.4606666564941 26.8623752593994 9.73250007629395 328 71 4 89.9239501953125 197 19 167 24 0
-104.916666666667 30.25 17.3816261291504 17.5677928924561 48.3684730529785 712.273193359375 35.0017509460449 -1.31900000572205 36.3207511901855 24.8800411224365 13.300666809082 25.9355010986328 8.49816703796387 334 69 6 85.8857727050781 194 21 168 28 0
-100.583333333333 27.25 22.4401035308838 14.6357078552246 45.7931137084961 659.542785644531 37.2980003356934 5.33750009536743 31.9605007171631 29.0937080383301 15.7767915725708 29.9269580841064 13.7565832138062 411 88 10 63.0542488098145 177 44 137 49 0
-103.25 28.9166666666667 21.4322280883789 17.2533340454102 49.3255386352539 693.084777832031 37.9562492370605 2.9777500629425 34.9785003662109 29.3234176635742 14.4355421066284 29.3234176635742 12.3646249771118 266 41 6 62.4940071105957 118 22 118 26 0
-103.916666666667 29.4166666666667 18.6897506713867 16.4336242675781 48.3605041503906 662.798522949219 34.9407501220703 0.959249973297119 33.9814987182617 25.3951263427734 11.8939580917358 26.4459590911865 10.2218332290649 360 70 7 81.4679412841797 202 25 178 28 0
-101.416666666667 28.25 20.7902603149414 15.2094793319702 48.7932929992676 621.020263671875 35.3507499694824 4.17950010299683 31.1712493896484 27.1927490234375 13.3316669464111 27.8522491455078 12.6597919464111 471 105 10 73.1213760375977 212 34 172 34 0
-104.583333333333 29.5833333333333 21.1576881408691 18.3637504577637 48.2291984558105 754.353088378906 39.1577491760254 1.08175003528595 38.076000213623 28.9517078399658 13.6472501754761 30.011791229248 11.5729999542236 271 58 3 82.864875793457 154 17 126 22 0
-104.083333333333 30.4166666666667 15.5744895935059 17.6283950805664 50.6788787841797 655.163269042969 32.5767517089844 -2.20775008201599 34.7845001220703 22.4004993438721 8.91545867919922 23.4712924957275 7.4151668548584 423 80 9 78.2038116455078 229 31 206 35 0
-103.416666666667 30.4166666666667 16.355541229248 16.4150829315186 49.4914703369141 647.046936035156 32.0690002441406 -1.09850001335144 33.1674995422363 23.2907085418701 9.47500038146973 24.1235008239746 8.20812511444092 420 82 9 72.9662551879883 215 33 185 38 0
-101.75 27.25 20.2139472961426 14.5016040802002 49.0565414428711 574.944274902344 33.7942504882812 4.2332501411438 29.5610008239746 25.7492504119873 17.744083404541 26.6225833892822 12.5987920761108 341 65 7 63.3071441650391 156 29 135 43 0
-103.416666666667 28.75 20.2978019714355 17.1851863861084 50.8230743408203 642.79052734375 36.4785003662109 2.66475009918213 33.8137512207031 26.695291519165 13.7620420455933 27.617208480835 11.9283332824707 269 46 7 62.0576591491699 124 24 122 27 0
-100.25 27.75 21.7122077941895 14.4615411758423 46.7194557189941 638.750671386719 36.2950019836426 5.34100008010864 30.9540023803711 25.857458114624 14.0369577407837 28.9343757629395 13.3217496871948 457 84 15 57.1030616760254 181 52 134 54 0
-102.583333333333 29.5833333333333 19.2973861694336 15.1017284393311 46.7321548461914 668.548034667969 34.1279983520508 1.8125 32.3154983520508 26.2113742828369 12.3102912902832 26.9223747253418 10.5659580230713 293 48 5 60.2659568786621 128 24 119 31 0
-102.916666666667 30.25 16.4837093353271 15.7033748626709 48.0946197509766 652.955505371094 31.6860008239746 -0.964999973773956 32.6510009765625 23.503833770752 9.49916648864746 24.1611251831055 8.17537498474121 413 79 9 66.8327178955078 195 33 167 39 0
-103.083333333333 29.5833333333333 19.3250102996826 16.230354309082 47.269889831543 703.8681640625 35.3375015258789 1.00199997425079 34.3355026245117 26.6529579162598 12.0966663360596 27.4991664886475 10.2390003204346 326 55 6 65.2684707641602 148 26 138 31 0
-101.916666666667 27.4166666666667 18.0365829467773 14.7749996185303 52.5258636474609 507.139282226562 31.2447490692139 3.1157500743866 28.128999710083 22.8896675109863 15.6826667785645 23.6690826416016 11.2922086715698 340 60 7 66.2696762084961 164 28 149 40 0
-102.083333333333 27.75 18.3717803955078 15.7038545608521 53.5958595275879 521.395935058594 32.1597480773926 2.85925006866455 29.3004989624023 23.4148750305176 15.9526672363281 24.1649570465088 11.4336671829224 353 62 7 65.790153503418 168 30 154 39 0
-102.25 27.75 18.1785411834717 16.2275428771973 54.0571212768555 530.749084472656 32.3362503051758 2.31699991226196 30.019250869751 23.2797908782959 15.7522087097168 24.0109157562256 11.085750579834 338 58 7 66.9443283081055 164 28 153 38 0
-101.25 28.25 20.7626361846924 15.4080209732056 49.2025375366211 622.204650878906 35.5294990539551 4.21399974822998 31.3154983520508 24.9610824584961 13.3245830535889 27.8602905273438 12.6296253204346 432 101 8 72.8409042358398 203 32 140 35 0
-103.083333333333 29.4166666666667 19.4616031646729 16.085750579834 47.7120208740234 683.248168945312 35.2057495117188 1.49150002002716 33.7142486572266 26.5187911987305 12.4172916412354 27.3497905731201 10.6052913665771 324 52 6 64.5736694335938 148 27 141 33 0
-104.416666666667 30.5833333333333 16.3822803497314 18.1944789886475 49.5931282043457 688.760559082031 33.9765014648438 -2.71099996566772 36.6875 23.5795822143555 12.425666809082 24.6901245117188 7.80299997329712 380 75 8 80.4894409179688 211 27 186 35 0
-104.25 29.5833333333333 21.0771560668945 17.7347297668457 48.0599708557129 729.705200195312 38.5822486877441 1.68099999427795 36.9012489318848 28.5258331298828 13.7892503738403 29.6112079620361 11.7670421600342 282 53 5 77.1986923217773 153 21 136 24 0
-103.75 29.75 18.2300205230713 18.3018341064453 50.1529998779297 694.757934570312 35.5485000610352 -0.943499982357025 36.492000579834 25.4518337249756 11.2612085342407 26.486457824707 9.4620418548584 365 69 7 75.2563018798828 191 27 169 31 0
-102.916666666667 28.9166666666667 20.5966033935547 16.6799163818359 49.315673828125 665.6728515625 36.4264984130859 2.60374999046326 33.8227500915527 28.1020412445068 13.6929998397827 28.1020412445068 11.7954998016357 251 39 5 57.6311645507812 110 22 110 28 0
-101.083333333333 27.9166666666667 21.2587604522705 15.0488128662109 47.8628959655762 634.580810546875 36.0252494812012 4.58374977111816 31.441499710083 25.4608745574951 14.9431667327881 28.4812088012695 12.9486665725708 424 81 11 60.3720169067383 171 39 137 42 0
-100.25 28.0833333333333 21.3298740386963 14.3118333816528 45.968132019043 650.527893066406 36.142749786377 5.00850009918213 31.1342506408691 25.6039581298828 13.5007915496826 28.7256660461426 12.795916557312 480 90 14 60.113639831543 197 51 142 54 0
-101.25 27.25 21.7997188568115 14.9034795761108 47.5712547302246 630.432495117188 36.0740013122559 4.74525022506714 31.3287506103516 28.0677928924561 15.4885835647583 28.8752918243408 13.4762086868286 364 67 8 61.0921630859375 151 36 140 43 0
-100.75 28.4166666666667 20.6442394256592 15.2969379425049 47.9324989318848 650.807983398438 36.2569999694824 4.3435001373291 31.9134998321533 25.1823749542236 14.1258754730225 28.2383346557617 12.224666595459 465 93 11 63.5449371337891 191 44 141 45 0
-105.083333333333 29.9166666666667 17.0536975860596 18.0801048278809 49.5987358093262 705.062561035156 34.7917518615723 -1.66100001335144 36.452751159668 24.4348754882812 13.1071662902832 25.4965000152588 8.2276668548584 347 76 5 90.7440795898438 209 20 177 25 0
-102.75 30.0833333333333 17.6056137084961 15.4467706680298 46.6895484924316 682.448364257812 32.8525009155273 -0.231499999761581 33.0839996337891 24.900707244873 10.4268751144409 25.5821666717529 8.86149978637695 364 68 7 63.8926200866699 162 29 141 35 0
-104.25 30.5833333333333 15.3260726928711 16.1281051635742 48.8545379638672 643.866760253906 31.6410007476807 -1.37150001525879 33.0125007629395 21.9778747558594 8.72100067138672 23.0387077331543 7.27116680145264 443 88 9 80.4716567993164 246 33 221 38 0
-102.75 30.5833333333333 17.514030456543 16.0618133544922 46.7783470153809 701.493286132812 33.617748260498 -0.718249976634979 34.3359985351562 22.2417087554932 10.2217502593994 25.8763751983643 8.60533332824707 388 77 10 63.6567497253418 173 34 140 38 0
-100.583333333333 28.25 20.5738964080811 15.0477504730225 48.0271644592285 638.814453125 35.7012481689453 4.36950016021729 31.3317489624023 24.8274993896484 14.2222499847412 27.9477081298828 12.2775001525879 466 95 11 65.1738739013672 194 43 141 45 0
-102.083333333333 28.0833333333333 18.9329681396484 15.1637287139893 52.4769134521484 534.57421875 32.5462493896484 3.65024995803833 28.8959999084473 24.222583770752 13.3657913208008 24.8858757019043 11.830249786377 360 65 7 66.5372543334961 170 31 155 37 0
-100.916666666667 28.0833333333333 20.3279056549072 15.1140213012695 49.8339691162109 597.5341796875 34.9802513122559 4.65149974822998 30.3287506103516 24.3449172973633 14.3168334960938 27.1831245422363 12.5285835266113 421 91 9 66.1596603393555 181 38 130 39 0
-100.916666666667 28.4166666666667 20.5550727844238 15.6107292175293 48.4500541687012 646.03662109375 36.3025016784668 4.08225011825562 32.2202529907227 25.115083694458 12.9759998321533 28.0959167480469 12.1955413818359 444 96 10 66.8008422851562 192 39 130 41 0
-104.416666666667 29.5833333333333 21.4351139068604 17.8852291107178 47.6885414123535 749.156921386719 39.1002502441406 1.59599995613098 37.5042495727539 29.1608333587646 13.9787502288818 30.2204170227051 11.9022922515869 263 51 4 77.6468353271484 143 19 125 23 0
-103.583333333333 29.9166666666667 17.236478805542 17.6526260375977 50.3393478393555 665.673583984375 33.755500793457 -1.31174993515015 35.0672492980957 24.2456665039062 10.3526248931885 25.1215839385986 8.81291675567627 396 75 7 75.1427307128906 206 28 182 34 0
-103.916666666667 30.25 15.7926349639893 17.7246875762939 50.5412406921387 660.466552734375 32.6912498474121 -2.37849998474121 35.0697479248047 22.6922492980957 9.08845806121826 23.7312088012695 7.52512502670288 416 77 8 78.4257431030273 225 29 202 34 0
-100.416666666667 28.5833333333333 21.3091144561768 13.7723121643066 43.6022415161133 679.233337402344 36.2874984741211 4.70125007629395 31.5862483978271 26.0176658630371 14.4934997558594 29.1517906188965 12.4629163742065 518 80 16 54.5607261657715 192 58 168 59 0
-104.083333333333 30.25 16.0463123321533 18.4194583892822 50.915885925293 676.506774902344 33.5562515258789 -2.61999988555908 36.1762504577637 23.0745410919189 9.25512504577637 24.1729164123535 7.59991693496704 397 75 7 78.6620330810547 215 28 193 33 0
-103.75 30.4166666666667 15.7425937652588 16.3081035614014 49.2904167175293 635.574340820312 31.8125 -1.27324998378754 33.085750579834 22.396541595459 9.17483329772949 23.468957901001 7.80412483215332 432 81 9 77.5479202270508 233 32 206 37 0
-104.083333333333 30.5833333333333 14.5582914352417 15.0493745803833 47.8418617248535 624.783203125 30.1912498474121 -1.26524996757507 31.4564990997314 21.0364589691162 8.09520816802979 22.0798759460449 6.76629161834717 469 93 10 80.2892303466797 260 34 235 39 0
-102.083333333333 28.25 17.9310512542725 14.7895202636719 52.9416694641113 507.376739501953 31.1242504119873 3.18875002861023 27.9355010986328 22.9476261138916 12.5592918395996 23.574333190918 11.2082080841064 341 59 7 66.0521240234375 164 30 150 36 0
-101.083333333333 27.0833333333333 21.1589164733887 14.4613752365112 47.3623237609863 610.1904296875 35.0989990234375 4.56549978256226 30.5334987640381 27.1343326568604 14.9090003967285 27.9817504882812 13.0447082519531 370 72 8 63.095573425293 159 36 142 43 0
-101.583333333333 26.9166666666667 21.2861461639404 14.8280420303345 48.4564628601074 599.537048339844 35.1100006103516 4.50925016403198 30.6007499694824 26.9875411987305 15.310583114624 27.9225006103516 13.3109169006348 328 57 7 59.5231132507324 147 30 133 43 0
-103.916666666667 29.75 18.1627807617188 17.769645690918 49.5725326538086 685.392822265625 35.3255004882812 -0.520250022411346 35.8457489013672 25.2295837402344 11.2635831832886 26.2917919158936 9.50054168701172 366 69 7 77.578742980957 197 27 175 31 0
-104.916666666667 30.0833333333333 17.2635517120361 17.8226451873779 49.151683807373 705.163940429688 34.9272499084473 -1.33325004577637 36.260498046875 24.6710834503174 13.2410831451416 25.7418746948242 8.47391700744629 344 72 5 87.3728942871094 202 21 174 28 0
-102.916666666667 29.4166666666667 19.2499580383301 15.0420417785645 46.6669502258301 665.910217285156 34.3134994506836 2.08074998855591 32.2327499389648 26.1654167175293 12.2887077331543 26.9316673278809 10.6050415039062 316 50 6 62.6208190917969 142 27 135 33 0
-100.416666666667 28.0833333333333 20.8100719451904 14.8738536834717 47.9372596740723 635.618286132812 35.5735015869141 4.5457501411438 31.0277519226074 24.9228744506836 14.4949588775635 28.0504169464111 12.4976663589478 465 94 12 64.1935272216797 193 45 137 48 0
-101.25 27.9166666666667 21.4050941467285 15.0285625457764 47.6077041625977 641.2392578125 36.0307502746582 4.46325016021729 31.5675010681152 25.6673755645752 15.0255002975464 28.6890411376953 12.9905834197998 435 78 10 60.0518608093262 174 37 152 41 0
-101.583333333333 27.0833333333333 21.5891571044922 15.2438535690308 48.5608406066895 618.55517578125 35.596248626709 4.20499992370605 31.3912487030029 27.5801658630371 15.4490833282471 28.4677906036377 13.3902082443237 331 61 7 58.0926284790039 142 32 122 43 0
-101.083333333333 27.25 21.6040840148926 14.7053747177124 46.7970085144043 638.317626953125 36.148250579834 4.72450017929077 31.4237499237061 27.9770832061768 15.1791248321533 28.806209564209 13.1945419311523 381 71 10 60.7503852844238 154 40 143 45 0
-101.25 27.75 21.4443225860596 15.0101451873779 47.5358123779297 640.671569824219 36.0092506408691 4.43275022506714 31.5764999389648 25.6105842590332 15.068208694458 28.6960411071777 13.0348339080811 417 74 10 59.2551612854004 163 38 147 42 0
-104.416666666667 29.9166666666667 16.8153953552246 16.7292919158936 49.1564483642578 653.306457519531 33.5017509460449 -0.531000018119812 34.0327491760254 23.5250835418701 10.1688747406006 24.6324996948242 8.64649963378906 388 77 8 84.2949371337891 222 27 197 30 0
-103.583333333333 30.4166666666667 16.3073654174805 16.9585208892822 49.9117622375488 650.364868164062 32.5562515258789 -1.42075002193451 33.9770011901855 23.1943740844727 9.52433300018311 24.201042175293 8.16016674041748 420 82 9 74.9391784667969 221 33 191 38 0
-104.25 30.0833333333333 15.9595727920532 17.346019744873 50.0621109008789 654.179504394531 32.8882484436035 -1.76074993610382 34.648998260498 22.7127914428711 9.3169584274292 23.8132915496826 7.80112504959106 411 80 8 81.5157012939453 229 29 205 33 0
-104.583333333333 29.25 18.1237087249756 16.7455005645752 48.3415107727051 671.600219726562 34.7182502746582 0.0782499983906746 34.6399993896484 24.8931655883789 11.205958366394 25.9657077789307 9.51370811462402 328 71 6 94.0601425170898 205 20 181 23 0
-102.75 29.25 18.3448123931885 14.4642915725708 47.2500076293945 615.566589355469 32.7120018005371 2.09975004196167 30.6122512817383 24.6401252746582 11.7760419845581 25.3490428924561 10.281457901001 319 53 5 64.8058853149414 150 26 143 34 0
-103.916666666667 29.9166666666667 17.2427806854248 17.4518947601318 49.8127479553223 666.142639160156 34.0514984130859 -0.983500003814697 35.0349998474121 24.1407089233398 10.481499671936 25.1803741455078 8.85087490081787 386 73 7 78.5902557373047 209 27 186 32 0
-104.416666666667 29.75 20.0497913360596 17.7579574584961 48.88330078125 704.804931640625 37.5382499694824 1.21099996566772 36.3272514343262 27.2772083282471 12.9692087173462 28.3716659545898 11.1327495574951 307 61 5 82.1103363037109 173 21 151 25 0
-100.916666666667 27.75 21.3043537139893 15.1538333892822 48.2252922058105 629.755920410156 36.0442504882812 4.62125015258789 31.4230003356934 25.3592071533203 15.0187921524048 28.4447917938232 13.0559587478638 409 76 12 58.610050201416 158 42 130 43 0
-102.083333333333 27.4166666666667 19.1299266815186 16.1247291564941 52.9052543640137 550.281494140625 33.3132514953613 2.8347499370575 30.4785022735596 24.3562908172607 16.7444591522217 25.1435832977295 11.7653331756592 320 57 6 67.2916564941406 154 26 142 38 0
-101.416666666667 27.0833333333333 21.9371147155762 15.404354095459 48.6432800292969 628.80859375 36.0550003051758 4.38700008392334 31.6679992675781 28.0359172821045 15.7095832824707 28.9172077178955 13.5987911224365 348 64 7 60.5363235473633 151 33 135 42 0
-104.916666666667 29.75 18.1134376525879 17.7924156188965 48.9815254211426 708.047546386719 35.7164993286133 -0.608250021934509 36.3247489929199 25.4550838470459 10.9467077255249 26.5147495269775 9.19274997711182 329 73 4 92.2365036010742 201 19 170 23 0
-104.416666666667 30.25 16.0345420837402 17.8172092437744 50.0504455566406 666.344848632812 33.3897514343262 -2.20875000953674 35.598503112793 22.9392910003662 12.1952505111694 24.0652503967285 7.75141668319702 405 79 8 81.0610885620117 225 29 201 35 0
-100.75 27.75 21.0331573486328 15.0856876373291 49.3492240905762 608.08349609375 35.4592514038086 4.8899998664856 30.5692520141602 24.8916263580322 14.9470415115356 27.9278335571289 13.0810832977295 409 78 12 59.3364524841309 158 43 122 44 0
-101.25 28.4166666666667 20.5871868133545 15.3627080917358 49.4554176330566 615.564697265625 35.2932510375977 4.22949981689453 31.0637512207031 24.8383331298828 13.2672080993652 27.6377906799316 12.550666809082 414 105 7 77.7169647216797 206 29 125 33 0
-103.25 29.25 17.9306564331055 14.4394788742065 47.2492179870605 608.997863769531 32.4022483825684 1.84200000762939 30.5602493286133 24.1844997406006 11.4108753204346 24.9758758544922 10.0618333816528 390 68 8 69.9888458251953 195 32 180 37 0
-103.75 29.0833333333333 20.5175933837891 17.0346050262451 48.4912261962891 696.214538574219 37.2307510375977 2.10150003433228 35.1292495727539 27.4722080230713 13.5860834121704 28.5558338165283 11.548791885376 309 59 6 77.6524505615234 166 20 146 23 0
-104.583333333333 29.9166666666667 19.1413860321045 17.859561920166 49.3774108886719 701.867614746094 36.7667503356934 0.597249984741211 36.1695022583008 26.3757495880127 12.1285839080811 27.4775829315186 10.3336248397827 326 66 5 83.67138671875 186 21 161 26 0
-102.583333333333 29.25 19.0025424957275 15.2255420684814 48.5372924804688 617.305480957031 33.5732498168945 2.20449995994568 31.3687496185303 25.2692489624023 12.4728336334229 25.9600410461426 10.8797912597656 279 47 4 62.9610710144043 128 22 123 30 0
-101.916666666667 28.75 19.8401660919189 15.3787078857422 51.5713577270508 560.092529296875 33.5205001831055 3.70024991035461 29.8202495574951 25.4452495574951 14.0478744506836 26.0273742675781 12.4126253128052 290 53 6 65.1777496337891 136 23 121 29 0
-101.916666666667 28.0833333333333 19.5583229064941 14.4042711257935 50.0669822692871 559.167297363281 33.0255012512207 4.25549983978271 28.7700004577637 25.1967086791992 13.8426666259766 25.8492088317871 12.1785831451416 429 85 9 69.3465118408203 200 35 177 39 0
-103.583333333333 30.0833333333333 16.1067714691162 16.5820827484131 50.0916328430176 632.036743164062 31.8474998474121 -1.25600004196167 33.1035003662109 22.7982501983643 9.45541667938232 23.6547508239746 8.1656665802002 437 82 8 75.9565505981445 230 31 204 37 0
-102.583333333333 30.4166666666667 17.3388538360596 15.4755411148071 46.1017227172852 694.231628417969 32.9474983215332 -0.62075001001358 33.5682487487793 22.0307502746582 10.1376667022705 25.5677070617676 8.51720809936523 387 75 10 62.5774841308594 171 33 139 37 0
-104.25 30.25 15.9519996643066 18.1061668395996 50.7417182922363 667.381225585938 33.357250213623 -2.32574987411499 35.6829986572266 22.870792388916 9.23308372497559 23.9872913360596 7.65170860290527 406 78 8 79.462516784668 222 30 200 35 0
-101.083333333333 28.25 20.6091976165771 15.4781045913696 49.4678039550781 621.67626953125 35.5789985656738 4.28975009918213 31.289249420166 24.8571243286133 13.2198333740234 27.7452087402344 12.4995002746582 421 98 8 71.0548400878906 196 34 126 37 0
-104.416666666667 30.4166666666667 16.4431247711182 18.6846256256104 49.9973220825195 692.759399414062 34.3175010681152 -3.05375003814697 37.3712501525879 23.6752090454102 12.5212087631226 24.7912921905518 7.82566690444946 379 74 8 80.142951965332 209 28 186 35 0
-104.083333333333 28.9166666666667 17.3353023529053 16.8013954162598 50.3510704040527 614.705444335938 33.2967491149902 -0.0717500001192093 33.3684997558594 23.3335838317871 10.9109582901001 24.4325828552246 9.42529201507568 368 77 7 88.3731918334961 223 25 189 29 0
-101.75 27.4166666666667 20.0131759643555 14.8194789886475 49.9342231750488 570.933959960938 33.6684989929199 3.99049997329712 29.67799949646 25.5488319396973 14.2270832061768 26.384916305542 12.4457502365112 353 68 7 65.2803649902344 162 30 142 41 0
-102.916666666667 29.5833333333333 19.7459278106689 15.6510629653931 46.4116821289062 702.14501953125 35.4297485351562 1.70749998092651 33.7222480773926 27.0626258850098 12.5200834274292 27.8746242523193 10.6548337936401 305 51 5 63.043571472168 135 25 126 31 0
-104.416666666667 29.25 20.2315731048584 17.7734375 48.5662803649902 713.528686523438 37.6355018615723 1.03925001621246 36.5962524414062 27.4045829772949 11.8219165802002 28.5197486877441 11.0784587860107 266 57 5 90.7097473144531 162 18 149 19 0
-102.916666666667 29.0833333333333 20.9228019714355 16.3662700653076 47.9186935424805 694.567138671875 36.8847503662109 2.73049998283386 34.1542510986328 28.800708770752 13.825249671936 28.800708770752 11.7754583358765 261 39 5 59.9224090576172 113 23 113 28 0
-103.583333333333 29.25 20.6258544921875 16.9699172973633 48.1112365722656 708.073181152344 37.3035011291504 2.03125 35.2722511291504 27.820499420166 13.5442504882812 28.8379173278809 11.5195837020874 319 58 6 72.333625793457 161 24 145 28 0
-103.416666666667 30.75 17.482250213623 17.5324592590332 49.1143112182617 702.841247558594 34.4677505493164 -1.22949993610382 35.6972503662109 24.9530010223389 10.2282495498657 25.9785823822021 8.61504173278809 375 77 9 68.3722381591797 184 34 149 39 0
-101.083333333333 26.9166666666667 21.8875312805176 14.8335618972778 47.0290908813477 631.104919433594 36.1069984436035 4.56575012207031 31.5412483215332 28.0170822143555 15.4399995803833 28.9455413818359 13.4632081985474 377 75 8 64.7542190551758 168 36 148 43 0
-100.25 28.25 21.3784580230713 14.1263332366943 45.0676231384277 661.953979492188 36.2632484436035 4.91849994659424 31.3447494506836 25.7807083129883 13.4196243286133 28.9217090606689 12.7082080841064 495 91 14 60.1839179992676 204 51 150 56 0
-101.583333333333 28.4166666666667 20.6968650817871 15.3595209121704 49.6858787536621 611.049255371094 34.9780006408691 4.06475019454956 30.9132499694824 26.9716262817383 12.6593751907349 27.5926246643066 12.6593751907349 460 103 11 73.4959945678711 211 35 173 35 0
-100.416666666667 27.9166666666667 20.9514789581299 14.9697504043579 48.7721290588379 622.174560546875 35.416748046875 4.72349977493286 30.6932487487793 24.9074172973633 14.7851667404175 27.9836654663086 12.80637550354 449 89 12 62.4379539489746 182 45 131 47 0
-102.916666666667 30.0833333333333 17.1965522766113 15.6073131561279 47.6253776550293 660.989135742188 32.3740005493164 -0.397000014781952 32.7709999084473 24.2952919006348 10.1195421218872 24.9227905273438 8.74370861053467 386 73 7 67.0976181030273 181 29 157 36 0
-104.916666666667 29.25 19.5633544921875 17.718334197998 48.1581153869629 718.429931640625 37.0902481079102 0.298250019550323 36.7919998168945 26.8550834655762 12.3118753433228 27.9391670227051 10.3649587631226 283 61 4 94.963005065918 179 16 151 19 0
-103.583333333333 29.75 17.7518844604492 17.495979309082 49.3445625305176 688.157897949219 34.474250793457 -0.982500016689301 35.4567489624023 24.9400005340576 10.7455835342407 25.8665008544922 8.99520778656006 381 71 7 73.5263671875 195 28 173 33 0
-103.75 30.0833333333333 15.7917499542236 16.6041240692139 50.0354080200195 630.4599609375 31.730749130249 -1.4539999961853 33.1847496032715 22.4015426635742 9.21804141998291 23.3264579772949 7.87483310699463 438 81 8 78.4866943359375 237 31 212 36 0
-102.083333333333 28.4166666666667 18.0438327789307 14.6750421524048 52.4562950134277 512.773986816406 31.1987495422363 3.22300004959106 27.9757499694824 23.1264572143555 12.601375579834 23.7207088470459 11.2357501983643 331 57 7 66.3878555297852 160 28 146 35 0
-102.083333333333 27.5833333333333 18.43532371521 15.7578125 53.5233573913574 524.217529296875 32.2642517089844 2.82325005531311 29.4410018920898 23.4713325500488 16.0440425872803 24.2441253662109 11.4543333053589 343 60 7 66.0899200439453 164 29 151 39 0
-101.083333333333 27.4166666666667 21.6902809143066 15.218563079834 47.2025146484375 649.839477539062 36.5950012207031 4.35400009155273 32.2410011291504 28.2542495727539 15.2232913970947 29.0469169616699 13.1741666793823 392 69 11 60.0148811340332 151 41 147 45 0
-104.083333333333 29.75 18.8133640289307 17.8244380950928 49.1647605895996 698.617431640625 36.1632499694824 -0.0912500023841858 36.2545013427734 25.9736671447754 11.8050413131714 27.0757503509521 9.97325038909912 339 65 6 79.5276870727539 186 24 165 28 0
-103.75 29.25 20.4027614593506 16.5250625610352 47.4176826477051 705.176574707031 36.9942512512207 2.14424991607666 34.8500022888184 27.527250289917 13.357458114624 28.5979175567627 11.3379583358765 317 61 6 75.8652801513672 167 22 146 25 0
-103.083333333333 29.9166666666667 17.615291595459 15.796667098999 47.6790542602539 665.992736816406 33.0009994506836 -0.130250006914139 33.1312484741211 24.7353744506836 10.5115413665771 25.3962917327881 9.09087467193604 374 69 7 68.1342239379883 178 28 158 34 0
-101.416666666667 27.75 20.7354469299316 14.3582286834717 48.0204315185547 602.847473144531 34.5900001525879 4.68975019454956 29.9002494812012 26.8727912902832 14.6682500839233 27.5556659698486 12.8028755187988 415 77 9 62.9254760742188 174 34 157 40 0
-103.583333333333 29.5833333333333 18.6516876220703 17.0518341064453 48.3770866394043 697.539794921875 35.2772483825684 0.0295000001788139 35.2477493286133 25.8803329467773 11.5815000534058 26.8462085723877 9.74462509155273 361 66 7 72.0353317260742 182 28 163 32 0
-104.75 29.0833333333333 19.0556983947754 18.4334373474121 49.9314384460449 692.195251464844 36.5207481384277 -0.396750003099442 36.9174995422363 26.0035419464111 12.0281667709351 27.0942916870117 10.1687088012695 293 64 4 96.6570816040039 187 16 164 19 0
-100.25 27.9166666666667 21.4114685058594 14.4969367980957 46.7948799133301 639.678527832031 36.0830001831055 5.10325002670288 30.9797496795654 25.5721244812012 13.7113752365112 28.6604156494141 13.0170001983643 466 88 15 59.0585021972656 187 51 136 53 0
-103.083333333333 29.0833333333333 21.0372714996338 16.3502922058105 47.8386421203613 697.723754882812 37.1184997558594 2.94050002098083 34.1780014038086 29.0013332366943 13.9387083053589 29.0013332366943 11.8963747024536 271 40 6 61.4065093994141 118 24 118 28 0
-100.75 27.25 22.0618019104004 14.9345207214355 45.9831428527832 666.336242675781 37.0200004577637 4.54174995422363 32.4782485961914 28.7460422515869 15.3528327941895 29.5981254577637 13.2635831832886 404 82 11 60.9607391357422 169 44 141 48 0
-100.416666666667 27.75 21.3999576568604 14.9171667098999 48.3503379821777 626.568603515625 35.8102493286133 4.95800018310547 30.8522491455078 25.3877506256104 15.1935415267944 28.4515838623047 13.1838750839233 441 84 14 58.5525245666504 174 49 128 50 0
-101.583333333333 28.5833333333333 20.0241985321045 14.6013965606689 49.3632278442383 588.573425292969 33.7140007019043 4.13450002670288 29.5795001983643 26.0470008850098 14.0044164657593 26.6180839538574 12.2423334121704 390 85 10 70.1391525268555 181 32 147 32 0
-101.75 28.25 20.0328960418701 14.3342914581299 49.2820205688477 575.879943847656 33.632999420166 4.54675006866455 29.0862503051758 25.9274578094482 14.1659164428711 26.5359172821045 12.4522914886475 468 99 11 72.1346588134766 218 37 187 38 0
-104.75 29.9166666666667 18.7584381103516 17.6974582672119 49.2804145812988 701.169555664062 36.3064994812012 0.394749999046326 35.911750793457 26.0460834503174 11.7110834121704 27.1151256561279 9.97308349609375 330 69 5 86.6796417236328 193 21 165 25 0
-101.75 27.9166666666667 19.5885009765625 14.0970420837402 48.9773979187012 569.363830566406 32.9855003356934 4.20275020599365 28.7827491760254 25.3467922210693 13.7894163131714 25.9980010986328 12.0910415649414 453 89 11 67.3950042724609 205 37 181 42 0
-101.75 28.75 19.8595218658447 14.84375 50.8299713134766 560.02099609375 33.2765007019043 4.07375001907349 29.202751159668 25.4920425415039 14.0644998550415 26.0553340911865 12.4314165115356 311 61 7 66.4865112304688 147 26 126 31 0
-101.416666666667 27.4166666666667 21.1212196350098 14.5115623474121 47.8937377929688 608.990966796875 35.054500579834 4.75500011444092 30.2994995117188 27.196834564209 15.0010004043579 27.9808750152588 13.0927505493164 359 67 8 61.717414855957 151 32 136 40 0
-101.25 28.5833333333333 20.6118640899658 14.8975620269775 48.0392189025879 626.231872558594 35.423999786377 4.41274976730347 31.0112495422363 25.0113754272461 13.2072086334229 27.8174591064453 12.4551668167114 420 101 8 73.1390914916992 195 32 130 34 0
-103.916666666667 30.0833333333333 16.2477493286133 17.5721244812012 50.1892204284668 662.253479003906 33.0642509460449 -1.94749999046326 35.0117492675781 23.1455001831055 9.51220798492432 24.1706256866455 7.93195867538452 408 76 8 78.6528472900391 221 29 198 34 0
-100.75 27.0833333333333 21.6047191619873 14.2131042480469 44.7160377502441 658.317321777344 36.3917503356934 4.60650014877319 31.785249710083 28.2017917633057 14.8457918167114 29.0877914428711 12.8892917633057 414 89 10 64.3642501831055 181 44 146 49 0
-101.083333333333 28.9166666666667 21.0525932312012 14.4610204696655 44.8671531677246 678.885314941406 36.4345016479492 4.2037501335144 32.2307510375977 25.8295001983643 12.2434997558594 28.9036674499512 12.2434997558594 494 97 12 61.8821830749512 203 45 159 45 0
-102.75 29.4166666666667 20.4832916259766 15.8479585647583 46.6947288513184 706.352966308594 36.1742515563965 2.23475003242493 33.9395027160645 27.7607498168945 13.2420835494995 28.5642509460449 11.255916595459 277 43 5 59.6606063842773 118 24 114 30 0
-103.25 29.5833333333333 19.1322917938232 16.4743328094482 47.8748474121094 694.435302734375 35.2507514953613 0.83950001001358 34.4112510681152 26.3562088012695 12.002124786377 27.2325000762939 10.2026252746582 347 60 6 67.4190979003906 163 27 150 33 0
-102.75 29.5833333333333 19.9158229827881 15.1518535614014 45.7552604675293 698.547180175781 35.2799987792969 2.16499996185303 33.1149978637695 27.187915802002 12.6998329162598 27.9532928466797 10.8259162902832 295 49 5 60.9311294555664 128 25 119 31 0
-100.916666666667 28.5833333333333 20.8297386169434 15.0760622024536 46.5954132080078 668.009826660156 36.5572509765625 4.20199966430664 32.3552513122559 25.5200004577637 12.9404163360596 28.6128749847412 12.1779584884644 463 95 11 65.1205139160156 190 41 140 43 0
-103.416666666667 29.25 19.5524272918701 15.8753538131714 47.7386054992676 663.523864746094 35.3525009155273 2.09774994850159 33.2547492980957 26.2660427093506 12.7408752441406 27.2175846099854 10.9798336029053 342 58 7 70.3747100830078 169 27 156 31 0
-103.25 29.0833333333333 20.9581146240234 16.6486873626709 48.876880645752 676.843688964844 37.0547485351562 2.99224996566772 34.0625 27.8287086486816 14.0526666641235 28.7209167480469 12.1419162750244 293 45 6 63.9589538574219 133 25 130 29 0
-100.583333333333 28.4166666666667 20.8294887542725 14.796895980835 46.7199058532715 657.478515625 36.0837516784668 4.41225004196167 31.671501159668 25.3143749237061 13.0710830688477 28.4552917480469 12.295916557312 486 91 13 60.8945922851562 195 48 151 50 0
-104.083333333333 29.4166666666667 19.9304065704346 16.5809383392334 47.8108901977539 684.39404296875 36.507251739502 1.82700002193451 34.6802520751953 26.8167915344238 13.0087919235229 27.8926658630371 11.1626663208008 320 61 7 81.6598968505859 181 23 160 25 0
-103.416666666667 29.0833333333333 20.96315574646 16.6426868438721 48.3609275817871 687.001892089844 37.2612495422363 2.84774994850159 34.4134979248047 27.888334274292 14.0195417404175 28.8431663513184 12.0372085571289 301 50 6 68.8634033203125 145 23 136 27 0
-105.083333333333 29.75 17.0344486236572 17.4856033325195 49.062427520752 689.625793457031 34.3395004272461 -1.29999995231628 35.6394996643066 24.205249786377 13.2075834274292 25.2582511901855 8.37462520599365 355 80 4 93.2410125732422 218 19 183 25 0
-102.25 28.4166666666667 18.1429996490479 16.2814998626709 54.0810317993164 529.950256347656 32.2495002746582 2.14374995231628 30.1057510375977 23.3432922363281 12.5385837554932 23.9829998016357 11.0982913970947 319 57 7 66.1200485229492 155 28 144 35 0
-104.083333333333 29.25 18.5585308074951 15.8490209579468 47.6432991027832 652.9951171875 34.544750213623 1.27874994277954 33.265998840332 25.0677089691162 11.8424587249756 26.1370410919189 10.1745414733887 351 71 7 85.1505889892578 205 24 179 27 0
-101.083333333333 28.4166666666667 20.7740516662598 15.5994367599487 48.9547653198242 636.006774902344 36.1332511901855 4.26824998855591 31.8650016784668 25.2009162902832 13.2604999542236 28.1307506561279 12.5068330764771 424 100 8 71.6109390258789 198 34 121 37 0
-103.916666666667 29.25 19.7940731048584 16.181604385376 47.5705680847168 678.062866210938 36.0672492980957 2.05124998092651 34.015998840332 26.6021251678467 12.9443330764771 27.6891670227051 11.0942077636719 330 65 7 80.2985534667969 184 23 159 25 0
-104.25 29.4166666666667 21.2592296600342 17.6019172668457 47.7916831970215 733.985168457031 38.6807518005371 1.85025000572205 36.8305015563965 28.7037925720215 13.956958770752 29.7889175415039 11.8669166564941 271 51 6 79.152229309082 151 21 134 23 0
-104.583333333333 29.75 20.8479061126709 18.3892707824707 48.7607688903809 740.446411132812 38.9109992980957 1.19774997234344 37.713249206543 28.475040435791 13.4935836791992 29.5646667480469 11.4732084274292 282 59 3 83.4219512939453 160 17 135 22 0
-101.916666666667 27.5833333333333 19.1956043243408 15.3697500228882 52.0236930847168 544.818786621094 32.9640007019043 3.42024993896484 29.5437507629395 24.4620838165283 13.6218338012695 25.2661666870117 11.9681253433228 357 66 8 65.1458892822266 166 31 149 40 0
-101.916666666667 27.75 19.1419582366943 15.6089162826538 52.8287582397461 535.6376953125 32.9654998779297 3.41925001144409 29.5462493896484 24.3447074890137 13.6201667785645 25.1157913208008 12.0389165878296 370 69 8 66.149658203125 173 31 155 39 0
-100.916666666667 27.9166666666667 20.8215217590332 15.0011253356934 49.3097190856934 601.603515625 35.3602485656738 4.93800020217896 30.422248840332 24.7691669464111 14.7758750915527 27.6802501678467 12.9594993591309 417 84 10 62.775806427002 170 39 131 41 0
-101.25 27.4166666666667 21.591552734375 15.0516042709351 47.2511100769043 644.925720214844 36.2089996337891 4.35449981689453 31.8544998168945 28.0758743286133 15.1981248855591 28.890209197998 13.1231250762939 385 68 10 58.8727416992188 151 39 143 44 0
-104.583333333333 30.4166666666667 16.3270931243896 17.6242694854736 48.6717147827148 683.684936523438 33.7077484130859 -2.50274991989136 36.2104988098145 23.492000579834 12.3185415267944 24.5947074890137 7.84370851516724 383 76 8 80.9229965209961 213 28 188 35 0
-103.416666666667 30.25 15.7866563796997 15.9187288284302 49.6146278381348 624.01025390625 30.9492492675781 -1.13549995422363 32.0847473144531 22.5007495880127 9.09224987030029 23.2473754882812 7.95499992370605 440 84 9 73.4983215332031 226 32 197 38 0
-103.583333333333 30.75 16.8094367980957 16.6973323822021 48.8858642578125 670.143310546875 33.2784996032715 -0.877250015735626 34.1557502746582 23.8819580078125 9.91883277893066 24.9690418243408 8.41204166412354 395 80 9 72.3460998535156 204 34 169 39 0
-102.75 29.75 19.396728515625 15.6057081222534 46.1905479431152 707.279479980469 34.984001159668 1.1985000371933 33.7854995727539 26.8193340301514 12.084792137146 27.5795001983643 10.2448749542236 311 54 6 61.7913093566895 135 26 123 31 0
-103.916666666667 28.9166666666667 18.3892917633057 16.2754993438721 49.3335266113281 626.680847167969 34.2869987487793 1.29624998569489 32.9907493591309 24.5322914123535 11.9221668243408 25.6313323974609 10.333083152771 339 69 7 83.0696334838867 197 24 168 28 0
-104.75 30.0833333333333 18.7889060974121 18.1569786071777 49.2693290710449 719.0126953125 36.7767486572266 -0.0757500007748604 36.8524971008301 26.2824993133545 11.6414585113525 27.3847503662109 9.80645847320557 321 66 5 84.7926559448242 184 21 160 26 0
-101.75 27.0833333333333 20.5930824279785 14.3034992218018 48.309986114502 584.886352539062 34.0812492370605 4.47349977493286 29.6077499389648 26.2180404663086 18.1057910919189 27.0775833129883 12.8130416870117 326 59 7 58.4517822265625 144 30 125 48 0
-104.083333333333 30.0833333333333 16.5843124389648 18.0142917633057 50.4538421630859 670.475708007812 33.8292503356934 -1.87524998188019 35.7045021057129 23.5158748626709 9.84020900726318 24.6199989318848 8.19308376312256 393 74 7 78.8911819458008 213 27 191 32 0
-101.75 28.0833333333333 20.6947498321533 15.0488748550415 49.3235931396484 605.714477539062 34.7742500305176 4.26375007629395 30.5104999542236 26.8492088317871 14.6274585723877 27.5280838012695 12.7263336181641 520 108 13 71.1824340820312 235 42 204 43 0
-104.25 28.9166666666667 17.1280422210693 16.4534587860107 49.8125457763672 610.801086425781 32.9812507629395 -0.0494999997317791 33.0307502746582 23.091625213623 10.690333366394 24.1842918395996 9.25933265686035 378 79 7 90.7609329223633 233 26 198 30 0
-102.583333333333 29.75 19.6437911987305 15.1235418319702 45.3394546508789 710.982666015625 34.9850006103516 1.6287499666214 33.3562507629395 27.093957901001 12.3185834884644 27.8407917022705 10.4307088851929 299 52 5 60.9299507141113 127 24 115 30 0
-103.583333333333 30.9166666666667 17.7944889068604 17.8402709960938 48.7375869750977 728.051635742188 35.3779983520508 -1.22675001621246 36.6047477722168 25.5109176635742 10.4138746261597 26.6380844116211 8.65950012207031 350 74 8 68.896842956543 174 34 137 40 0
-103.083333333333 28.9166666666667 20.0558128356934 15.7992076873779 48.3477783203125 655.625671386719 35.4832496643066 2.8050000667572 32.6782493591309 27.4957084655762 13.2251253128052 27.4957084655762 11.4364585876465 268 43 6 60.1759948730469 121 24 121 29 0
-102.25 27.4166666666667 19.4225940704346 16.4668960571289 53.0702247619629 561.37548828125 33.8720016479492 2.84349989891052 31.0285015106201 24.7779159545898 17.0203342437744 25.5682907104492 11.9211673736572 315 54 7 64.8603820800781 148 27 139 38 0
-103.25 30.4166666666667 15.7624063491821 15.2816038131714 48.1170196533203 633.346923828125 30.8167495727539 -0.942499995231628 31.7592487335205 22.5839157104492 8.93529224395752 23.3149585723877 7.768958568573 438 84 9 71.5857925415039 221 34 191 40 0
-102.916666666667 30.4166666666667 16.3381881713867 15.5562086105347 47.3945922851562 663.039123535156 31.7775001525879 -1.04525005817413 32.8227500915527 23.4772510528564 9.29879188537598 24.1943340301514 7.92770862579346 413 80 9 66.9843673706055 194 33 165 39 0
-100.583333333333 28.75 21.3591136932373 13.7641458511353 43.1329231262207 693.586669921875 36.5109977722168 4.59999990463257 31.9109973907471 25.5131244659424 13.1040410995483 29.3707485198975 12.3297500610352 520 78 17 53.0594863891602 193 59 167 60 0
-101.083333333333 28.0833333333333 20.7833442687988 15.2563123703003 48.8612442016602 624.543151855469 35.5844993591309 4.36075019836426 31.2237491607666 24.962833404541 14.5629167556763 27.917667388916 12.6182498931885 423 89 9 65.7257843017578 183 36 135 38 0
-101.416666666667 28.9166666666667 20.4606761932373 13.7653121948242 46.5898246765137 610.139099121094 34.3709983825684 4.82525014877319 29.545747756958 26.853458404541 14.1872501373291 27.3891658782959 12.4713754653931 376 78 10 64.9060440063477 165 34 135 34 0
-101.083333333333 28.5833333333333 20.8940105438232 15.2991046905518 47.5736885070801 652.436950683594 36.435001373291 4.27624988555908 32.1587524414062 25.476541519165 13.175666809082 28.4642505645752 12.4279165267944 439 99 9 69.7121047973633 192 36 129 38 0
-103.75 28.9166666666667 19.0771770477295 16.2954368591309 49.0416488647461 642.115783691406 35.0572509765625 1.82949995994568 33.2277526855469 25.4114570617676 12.5074996948242 26.472583770752 10.7924165725708 322 62 7 77.6161804199219 178 24 154 28 0
-103.083333333333 30.25 16.5551986694336 16.617395401001 49.2170448303223 662.093933105469 32.2352485656738 -1.52824997901917 33.763500213623 23.7273330688477 9.45049953460693 24.3315830230713 8.14058303833008 407 79 8 69.5595855712891 197 31 170 37 0
-104.416666666667 28.75 18.3666667938232 17.5434169769287 50.8622817993164 625.667907714844 34.7557487487793 0.263750016689301 34.492000579834 24.3841247558594 11.8580837249756 25.5088748931885 10.2379999160767 336 72 4 95.0851440429688 213 19 182 25 0
-102.916666666667 30.75 17.8070621490479 16.5511245727539 46.7724304199219 725.339416503906 34.4992485046387 -0.887250006198883 35.3864974975586 25.5317497253418 10.2915830612183 26.4593334197998 8.56750011444092 370 74 10 63.5912628173828 165 35 135 39 0
-104.583333333333 28.9166666666667 18.9695625305176 18.3331241607666 51.1170349121094 648.423156738281 35.9495010375977 0.0844999998807907 35.8650016784668 25.2870407104492 12.3177499771118 26.421875 10.5892505645752 308 68 5 96.2241668701172 196 17 172 21 0
-101.583333333333 27.5833333333333 20.353687286377 14.5857076644897 49.5766830444336 579.776733398438 33.8882484436035 4.46775007247925 29.4204978942871 26.1027908325195 14.4774580001831 26.869083404541 12.6934995651245 378 73 8 65.3043518066406 169 32 149 40 0
-100.75 28.25 20.46266746521 15.5406665802002 49.4740562438965 625.608276367188 35.8282508850098 4.41650009155273 31.411750793457 24.7349586486816 14.2207078933716 27.7454166412354 12.3590831756592 448 95 10 65.9609756469727 188 41 133 43 0
-101.916666666667 27.0833333333333 19.1045417785645 14.6194581985474 51.285099029541 527.926696777344 32.3792495727539 3.87299990653992 28.5062503814697 24.1453742980957 16.675708770752 24.9480838775635 12.0716247558594 309 52 6 63.0219345092773 146 25 134 41 0
-100.916666666667 27.5833333333333 21.6170310974121 15.2301454544067 47.5700454711914 643.820556640625 36.5175018310547 4.50124979019165 32.0162506103516 25.7205009460449 15.2089576721191 28.9078330993652 13.189624786377 402 72 13 57.1148910522461 151 44 133 46 0
-103.583333333333 28.9166666666667 20.2609577178955 17.1692924499512 49.7653427124023 664.586486816406 36.7122497558594 2.21175003051758 34.5004997253418 26.8466663360596 13.5573749542236 27.8696250915527 11.6439580917358 297 52 7 70.4329223632812 151 23 138 26 0
-101.75 28.4166666666667 20.4190521240234 14.9947290420532 49.4357528686523 601.585693359375 34.4604988098145 4.12874984741211 30.3317489624023 26.5697917938232 14.3705415725708 27.1894588470459 12.4877080917358 444 96 11 72.6863403320312 206 35 174 35 0
-104.583333333333 28.75 18.8108329772949 18.164041519165 51.0028915405273 645.517578125 35.6684989929199 0.0547500029206276 35.6137504577637 25.08154296875 12.1642084121704 26.2124996185303 10.4516248703003 310 68 3 97.5286560058594 199 15 172 21 0
-103.75 30.25 15.5111455917358 16.3598327636719 49.636547088623 631.548278808594 31.4125003814697 -1.54674994945526 32.9592514038086 22.1300430297852 8.95133304595947 23.0945835113525 7.583083152771 447 83 9 78.3689575195312 242 32 216 37 0
-101.583333333333 27.4166666666667 21.0415840148926 14.9012079238892 49.2207336425781 599.029052734375 34.810001373291 4.53574991226196 30.2742519378662 26.945291519165 15.0096254348755 27.7435836791992 13.1136255264282 357 69 7 64.7164840698242 159 31 140 41 0
-103.75 29.9166666666667 17.319896697998 17.8440837860107 50.5813369750977 662.67578125 34.1162490844727 -1.161749958992 35.2779998779297 24.2370014190674 10.5433750152588 25.2150001525879 8.97537517547607 394 74 7 76.306266784668 208 28 185 33 0
-103.916666666667 30.5833333333333 15.4279899597168 16.4574794769287 49.4315071105957 642.789123535156 31.7450008392334 -1.54849994182587 33.2934989929199 22.1464176177979 8.85112476348877 23.2388343811035 7.43387508392334 438 84 10 78.255729675293 239 32 213 36 0
-102.916666666667 29.9166666666667 18.1399898529053 15.8567295074463 47.1526489257812 686.739624023438 33.685001373291 0.0565000027418137 33.6285018920898 25.4423751831055 10.9360837936401 26.1393756866455 9.30829238891602 351 64 6 65.4682769775391 160 27 142 33 0
-103.583333333333 29.0833333333333 19.9884166717529 16.4823341369629 48.0776290893555 684.42919921875 36.226749420166 1.94400000572205 34.2827491760254 26.8689575195312 13.0783338546753 27.8739585876465 11.141791343689 319 56 7 72.613899230957 164 24 148 27 0
-103.083333333333 30.5833333333333 16.9725303649902 16.2378959655762 47.8679809570312 681.466735839844 33.0494995117188 -0.872749984264374 33.922248840332 24.269624710083 9.78091716766357 25.1021671295166 8.32679176330566 396 79 9 67.3616409301758 188 33 157 39 0
-102.083333333333 27.9166666666667 18.7156257629395 15.5939159393311 52.8997344970703 534.424682617188 32.6192512512207 3.14100003242493 29.47825050354 23.8959159851074 13.1997909545898 24.6262493133545 11.5952081680298 358 65 7 67.1655883789062 170 30 155 37 0
-102.583333333333 30.0833333333333 18.2325305938721 15.5201463699341 46.0336952209473 706.195556640625 33.6640014648438 -0.0507500022649765 33.7147521972656 23.0494995117188 10.9370002746582 26.4764595031738 9.16587543487549 345 65 7 62.5759391784668 152 28 127 33 0
-105.083333333333 29.5833333333333 18.0221252441406 17.7105827331543 48.8655433654785 702.355102539062 35.4869995117188 -0.756500005722046 36.2434997558594 25.2985000610352 10.8758335113525 26.35325050354 9.15308380126953 328 76 4 95.0660781860352 205 18 170 21 0
-103.75 28.75 17.5870323181152 16.1035633087158 50.2357177734375 597.440063476562 32.9942512512207 0.938250005245209 32.0559997558594 23.4308338165283 11.3190422058105 24.4407920837402 9.86329174041748 330 66 8 79.6829071044922 189 27 159 31 0
-104.25 29.25 20.0387401580811 17.181396484375 48.4064826965332 692.242492675781 36.961498260498 1.46749997138977 35.4939994812012 26.9325008392334 13.0401248931885 28.0335006713867 11.1359586715698 295 62 6 88.876091003418 177 20 160 21 0
-103.416666666667 30.0833333333333 16.6982192993164 16.7397289276123 49.9939651489258 647.538513183594 32.4327507019043 -1.05075001716614 33.4835014343262 23.675500869751 9.80454158782959 24.404333114624 8.55849933624268 409 78 8 72.236442565918 206 31 180 36 0
-103.083333333333 29.75 19.3003330230713 16.7902088165283 47.7798805236816 713.653625488281 35.5900001525879 0.449250012636185 35.1407508850098 26.8034992218018 11.9842081069946 27.6087913513184 10.1079578399658 326 58 6 65.3211135864258 148 26 134 31 0
-101.916666666667 28.5833333333333 20.5274791717529 15.4004583358765 50.9700012207031 580.068481445312 34.4832496643066 4.26849985122681 30.214750289917 26.3542499542236 14.5919580459595 26.9925422668457 12.8409585952759 350 69 8 67.9331359863281 163 28 143 32 0
-101.583333333333 28.75 19.9027080535889 14.2142505645752 49.455493927002 570.011779785156 33.1987495422363 4.45725011825562 28.7414989471436 25.7421245574951 14.0050001144409 26.275333404541 12.3722915649414 344 71 9 66.5107803344727 159 29 131 31 0
-101.75 28.9166666666667 19.4480209350586 14.6374578475952 50.9847221374512 543.143920898438 32.5682487487793 3.85875010490417 28.7094993591309 24.9057083129883 13.7820415496826 25.4179573059082 12.2530832290649 270 49 5 65.4846725463867 129 22 113 29 0
-103.583333333333 30.25 15.4497814178467 15.7790622711182 49.1908187866211 620.901794433594 30.8402500152588 -1.23699998855591 32.0772514343262 22.0047912597656 8.89045810699463 22.8985824584961 7.64612483978271 455 85 9 77.5029373168945 244 32 217 38 0
-101.916666666667 28.25 19.2760944366455 14.4040203094482 50.8428039550781 544.216735839844 32.5060005187988 4.17549991607666 28.3305015563965 24.7588329315186 13.6489162445068 25.3854999542236 12.0865411758423 391 77 8 69.1418151855469 185 32 163 36 0
-101.083333333333 27.75 21.509937286377 15.1919994354248 47.7439346313477 643.115905761719 36.3009986877441 4.48124980926514 31.8197479248047 25.6782493591309 15.1159162521362 28.7970008850098 13.0860834121704 410 74 11 58.9516372680664 159 39 138 42 0
-100.75 28.9166666666667 21.1569690704346 13.7634792327881 42.8725433349609 700.681823730469 36.4524993896484 4.34925031661987 32.1032485961914 26.0473327636719 12.8102502822876 29.2864589691162 12.0662088394165 514 85 16 54.8895072937012 188 54 158 56 0
-103.25 30.5833333333333 17.1756458282471 16.9176254272461 48.7104454040527 689.744567871094 33.6267509460449 -1.10424995422363 34.7310028076172 24.5494174957275 9.92779159545898 25.4380836486816 8.44600009918213 387 78 9 69.0733032226562 189 33 157 38 0
-103.75 30.5833333333333 15.7064266204834 15.9982290267944 48.6105842590332 643.498474121094 31.7202491760254 -1.19075000286102 32.9109992980957 22.4360408782959 9.08316707611084 23.525707244873 7.65520811080933 432 81 10 76.9375305175781 233 33 205 37 0
-102.75 29.9166666666667 18.5705738067627 15.738187789917 46.4475975036621 704.622314453125 34.1559982299805 0.27224999666214 33.8837471008301 26.0305824279785 11.2499580383301 26.7668743133545 9.49879169464111 331 60 6 63.5096626281738 146 26 130 32 0
-104.25 29.75 18.9840202331543 17.5567092895508 49.0061798095703 690.974060058594 36.221248626709 0.395749986171722 35.8255004882812 26.0456657409668 12.0171670913696 27.1486663818359 10.2406663894653 332 64 6 82.0166549682617 187 23 166 27 0
-101.25 28.9166666666667 20.9562397003174 14.3694381713867 45.701774597168 655.7880859375 35.9275016784668 4.48575019836426 31.4417514801025 25.5991668701172 12.425708770752 28.5139579772949 12.425708770752 448 92 11 63.9513473510742 192 39 148 39 0
-103.75 29.5833333333333 18.2199478149414 16.9759788513184 48.710865020752 678.829895019531 34.8387489318848 -0.0117499995976686 34.8504981994629 25.2045421600342 11.3168754577637 26.234375 9.59766674041748 372 70 7 76.5929336547852 198 27 175 31 0
-102.25 28.0833333333333 18.390438079834 16.0129585266113 53.6155624389648 534.561584472656 32.5292510986328 2.66300010681152 29.8662509918213 23.6155414581299 12.805459022522 24.3098335266113 11.2777500152588 339 57 7 65.2774963378906 161 30 150 37 0
-103.416666666667 29.5833333333333 18.5457706451416 16.541374206543 48.2153930664062 681.989562988281 34.6942481994629 0.386999994516373 34.3072471618652 25.6272926330566 11.5290412902832 26.5249996185303 9.80429172515869 369 66 7 71.3069915771484 183 28 166 33 0
-100.916666666667 28.75 21.0169372558594 14.5081253051758 45.0237808227539 680.132995605469 36.5362510681152 4.31300020217896 32.2232513427734 25.7865829467773 12.9607915878296 28.9173336029053 12.1986255645752 487 94 13 62.4784355163574 191 47 149 47 0
-103.75 30.9166666666667 17.4383964538574 17.3736248016357 48.8671760559082 702.358093261719 34.7140007019043 -0.838750004768372 35.5527496337891 24.8533744812012 10.3311672210693 26.01904296875 8.67333316802979 367 78 8 71.5857391357422 189 34 150 40 0
-104.25 29.0833333333333 17.8475933074951 16.2626876831055 48.8112487792969 633.60107421875 33.8110008239746 0.493499994277954 33.3175010681152 24.0830841064453 11.236291885376 25.1591262817383 9.67483329772949 358 76 7 89.9839477539062 218 24 190 27 0
-104.416666666667 29.4166666666667 21.3267192840576 18.1360206604004 48.2504577636719 741.855346679688 39.0932502746582 1.50600004196167 37.5872497558594 28.9000835418701 13.9014167785645 29.9811248779297 11.8477916717529 260 50 5 82.1784820556641 149 19 132 22 0
-101.75 27.75 19.8762397766113 15.4419794082642 51.8522186279297 554.796630859375 33.7109985351562 3.9302499294281 29.7807483673096 25.2978744506836 14.2121248245239 26.0695838928223 12.5278749465942 390 76 9 67.3583831787109 180 32 159 39 0
-100.416666666667 28.4166666666667 21.1109275817871 14.2533121109009 45.26513671875 665.251831054688 36.1199989318848 4.63149976730347 31.4884986877441 25.6250419616699 13.1724586486816 28.7645835876465 12.4370832443237 503 90 14 59.4679870605469 202 51 157 55 0
-103.916666666667 28.75 17.8679370880127 17.1278343200684 50.6673202514648 626.548706054688 34.0499992370605 0.24549999833107 33.804500579834 23.9499168395996 11.4330835342407 25.0571250915527 9.77354145050049 321 66 7 83.9672012329102 190 24 159 28 0
-101.583333333333 28.9166666666667 20.2065830230713 14.1331663131714 48.6779861450195 581.883728027344 33.6110000610352 4.5770001411438 29.0340003967285 26.1843338012695 14.1893749237061 26.7157516479492 12.5372085571289 320 64 8 64.8102798461914 147 28 123 31 0
-101.083333333333 28.75 20.9990005493164 14.8231248855591 45.9161949157715 670.361206054688 36.5074996948242 4.22450017929077 32.2830009460449 25.7154998779297 13.0303335189819 28.7657089233398 12.2989168167114 466 98 11 67.7260513305664 191 40 143 41 0
-101.583333333333 27.75 19.7310523986816 14.3222713470459 50.1190490722656 556.455444335938 32.9807510375977 4.4042501449585 28.5764999389648 25.2844161987305 14.0384998321533 25.9960422515869 12.3824167251587 396 78 9 66.7046661376953 180 33 157 40 0
-101.916666666667 27.25 17.9812297821045 14.6547498703003 52.5754508972168 499.465637207031 31.1014995574951 3.2277500629425 27.8737487792969 22.7169589996338 15.6642503738403 23.5370426177979 11.3499994277954 329 56 6 66.1504974365234 159 26 147 40 0
-100.583333333333 27.5833333333333 21.5855312347412 14.8287706375122 47.4027671813965 636.271789550781 36.1640014648438 4.88149976730347 31.2825012207031 25.6430835723877 13.9547920227051 28.7635841369629 13.218957901001 415 77 15 56.8722496032715 159 47 122 47 0
-102.083333333333 28.5833333333333 20.259593963623 15.8096466064453 51.5366668701172 577.387939453125 34.4517517089844 3.77524995803833 30.6765022277832 26.0167922973633 14.3335418701172 26.6652088165283 12.6000003814697 323 59 7 65.7044448852539 149 26 135 31 0
-104.583333333333 29.0833333333333 19.0489692687988 18.1615219116211 50.1349792480469 673.254821777344 36.2482490539551 0.0230000000447035 36.2252502441406 25.7098751068115 12.1761245727539 26.8252506256104 10.3727083206177 302 67 5 95.8651123046875 191 18 171 20 0
-104.416666666667 28.9166666666667 18.3521766662598 17.1566028594971 50.283130645752 626.908325195312 34.6447486877441 0.524749994277954 34.1199989318848 24.4084587097168 11.8148746490479 25.5144577026367 10.2159585952759 350 76 6 93.3845748901367 219 22 189 26 0
-101.416666666667 28.75 20.414342880249 13.923978805542 47.0925750732422 607.987365722656 34.3657493591309 4.79850006103516 29.5672492980957 24.7129173278809 12.4464168548584 27.3248748779297 12.4464168548584 396 87 10 67.9891357421875 176 34 138 34 0
-102.25 27.9166666666667 18.1830005645752 16.0141658782959 53.7388153076172 529.305297851562 32.322998046875 2.52300000190735 29.7999973297119 23.3042907714844 15.7117910385132 24.0279579162598 11.1285419464111 342 58 7 65.4365844726562 163 30 151 38 0
-104.583333333333 30.5833333333333 16.6815528869629 18.4468955993652 48.6995315551758 713.243347167969 34.6042518615723 -3.27474999427795 37.8790016174316 24.1955833435059 12.5880002975464 25.3135414123535 7.8301248550415 355 72 7 80.630012512207 197 25 172 34 0
-100.916666666667 27.0833333333333 20.6886768341064 13.9541873931885 46.1986503601074 611.022644042969 34.6972503662109 4.49249982833862 30.2047500610352 26.7602081298828 14.3573751449585 27.6057510375977 12.5982913970947 392 80 9 63.1282081604004 168 40 143 46 0
-100.75 27.5833333333333 21.4863548278809 14.8994588851929 47.3829765319824 638.315246582031 36.1422500610352 4.69749975204468 31.4447498321533 25.542459487915 13.8135833740234 28.6960010528564 13.1155414581299 399 73 14 56.575870513916 150 45 121 46 0
-103.916666666667 30.4166666666667 15.4347085952759 16.7602500915527 49.772819519043 642.761535644531 31.8864994049072 -1.78699994087219 33.6735000610352 22.1269588470459 8.8521671295166 23.1913757324219 7.40345859527588 437 82 9 78.2390213012695 237 31 213 36 0
-104.75 29.4166666666667 18.9874172210693 16.9983329772949 47.6885147094727 703.612182617188 36.1085014343262 0.464000016450882 35.6445007324219 26.1537914276123 11.8227920532227 27.2310009002686 10.0139169692993 305 66 5 93.5010681152344 190 18 161 20 0
-102.083333333333 27.25 18.2611045837402 15.1407499313354 52.4010162353516 524.615173339844 31.91575050354 3.02174997329712 28.8940010070801 23.2077503204346 15.9028329849243 24.0122909545898 11.2499580383301 324 55 6 67.0751266479492 158 25 147 39 0
-101.916666666667 28.4166666666667 19.900562286377 14.7255420684814 50.4874267578125 567.73681640625 33.4417495727539 4.27500009536743 29.1667499542236 25.6024990081787 14.0936670303345 26.236083984375 12.3886671066284 383 76 9 68.6616287231445 178 31 157 35 0
-103.416666666667 29.75 17.6662712097168 16.4611663818359 48.4904289245605 673.195861816406 33.6134986877441 -0.333750009536743 33.9472503662109 24.7564163208008 10.668083190918 25.5787906646729 9.07254123687744 384 71 7 72.3936309814453 193 29 172 34 0
-101.583333333333 28.0833333333333 20.9457187652588 15.2349796295166 48.8747100830078 623.813110351562 35.3527488708496 4.18125009536743 31.1714992523193 27.3215408325195 14.7450838088989 28.0142917633057 12.7570838928223 500 102 12 69.8231048583984 221 38 193 40 0
-102.75 30.4166666666667 16.9240417480469 15.6166667938232 47.0310707092285 675.56640625 32.4502487182617 -0.75475001335144 33.2049980163574 24.1892070770264 9.82829189300537 24.9405822753906 8.34841632843018 398 77 9 64.4728393554688 179 33 151 38 0
-104.083333333333 29.0833333333333 17.1877918243408 16.0982074737549 49.3042526245117 613.514404296875 32.8569984436035 0.206249997019768 32.650749206543 23.2453746795654 10.753833770752 24.3138332366943 9.3172082901001 384 80 8 86.9956588745117 229 27 197 30 0
-100.416666666667 27.5833333333333 21.8251667022705 14.7494163513184 46.9606971740723 642.411437988281 36.4457511901855 5.03774976730347 31.4080009460449 25.9536666870117 14.0762920379639 29.0742092132568 13.3844995498657 432 81 15 57.0193977355957 170 49 130 50 0
-104.916666666667 29.9166666666667 17.2370109558105 17.8986034393311 49.5178680419922 696.721557617188 34.7859992980957 -1.35975003242493 36.1457481384277 24.4992504119873 10.1682920455933 25.5592079162598 8.50058364868164 356 76 5 89.2304000854492 212 22 182 27 0
-103.416666666667 28.9166666666667 21.0947399139404 17.333854675293 49.6433792114258 683.072998046875 37.6604995727539 2.74375009536743 34.916748046875 27.9464988708496 14.2251663208008 28.8900413513184 12.1944999694824 282 45 7 65.2481155395508 132 23 127 26 0
-104.083333333333 29.5833333333333 19.4818134307861 17.1887493133545 48.4459648132324 691.4150390625 36.4715003967285 0.991249978542328 35.4802513122559 26.488208770752 12.4996252059937 27.5782089233398 10.6582088470459 330 63 7 80.5768432617188 184 23 163 26 0
-101.583333333333 28.25 20.6812286376953 15.105583190918 48.9693717956543 616.23486328125 34.9765014648438 4.12949991226196 30.8470020294189 27.0110416412354 12.5914163589478 27.6682090759277 12.5914163589478 497 108 12 73.360221862793 226 37 191 37 0
-101.25 27.0833333333333 22.2072601318359 15.4554796218872 48.278003692627 636.122131347656 36.4752502441406 4.46175003051758 32.013500213623 28.421875 15.8680419921875 29.28125 13.7643337249756 364 68 8 62.2482986450195 158 35 144 42 0
-103.25 29.4166666666667 19.2088432312012 16.1833114624023 47.8895378112793 678.343200683594 35.0767517089844 1.28375005722046 33.7930030822754 26.1747074127197 12.2562494277954 27.076208114624 10.4554166793823 345 57 7 66.5531539916992 162 29 152 34 0
-104.916666666667 29.5833333333333 19.7288017272949 18.1257286071777 48.4447631835938 736.319458007812 37.7022514343262 0.287000000476837 37.4152526855469 27.3268337249756 12.3467502593994 28.3993759155273 10.393458366394 294 67 3 91.7177658081055 180 17 147 21 0
-100.583333333333 27.4166666666667 21.6994171142578 13.9096250534058 45.0956001281738 645.113891601562 36.1382484436035 5.29349994659424 30.8447494506836 25.9048328399658 15.1195411682129 28.9929580688477 13.19837474823 405 79 12 58.849063873291 163 44 133 47 0
-101.083333333333 27.5833333333333 21.5812911987305 15.1915826797485 47.5863418579102 642.209167480469 36.40625 4.48199987411499 31.9242496490479 25.6707916259766 15.1683330535889 28.849292755127 13.1710004806519 398 70 11 58.8924865722656 151 40 142 44 0
-103.916666666667 29.5833333333333 18.0049781799316 16.9882907867432 49.0962715148926 663.362976074219 34.5999984741211 -0.00200000079348683 34.6019973754883 24.7644996643066 11.2005834579468 25.8061656951904 9.56099987030029 378 73 7 81.4658584594727 211 26 187 30 0
-102.916666666667 30.5833333333333 17.1311569213867 15.9842710494995 47.257884979248 688.176696777344 33.0709991455078 -0.752499997615814 33.8234977722168 24.5026245117188 9.90320873260498 25.2997493743896 8.37116622924805 392 78 10 65.9006042480469 180 34 150 38 0
-104.416666666667 30.0833333333333 15.9386768341064 16.9915218353271 49.7453536987305 650.783813476562 32.7037506103516 -1.45325005054474 34.1570014953613 22.6612911224365 9.29012489318848 23.7527503967285 7.83150005340576 409 81 8 83.4071502685547 232 29 207 33 0
-100.916666666667 27.25 21.5859794616699 14.8162088394165 46.1054229736328 656.900207519531 36.5395011901855 4.4040002822876 32.1355018615723 28.1825828552246 14.9721250534058 29.0648326873779 12.9589996337891 396 76 11 60.1586456298828 159 44 143 48 0
-103.416666666667 30.5833333333333 17.0773849487305 17.2764377593994 49.6863403320312 679.374633789062 33.538501739502 -1.23249995708466 34.7709999084473 24.3343334197998 9.98174953460693 25.2697505950928 8.51829147338867 387 78 8 71.0335540771484 194 32 162 38 0
-103.416666666667 30.9166666666667 17.8383541107178 17.7262077331543 48.1435356140137 736.763916015625 35.4617500305176 -1.35774993896484 36.8194999694824 25.667667388916 10.3150415420532 26.7435836791992 8.54108333587646 352 73 9 66.2082214355469 169 35 134 40 0
-100.75 27.4166666666667 21.8521137237549 14.7470617294312 46.4983329772949 647.654174804688 36.5724983215332 4.85725021362305 31.7152481079102 25.9822082519531 15.3339166641235 29.1534576416016 13.3258752822876 400 75 13 57.1340103149414 155 46 133 48 0
-104.75 30.4166666666667 18.3072814941406 18.2059783935547 48.8528137207031 720.740905761719 36.2582511901855 -1.00874996185303 37.2670021057129 25.8891677856445 14.2714166641235 26.9600410461426 9.30645847320557 319 65 5 83.669189453125 181 20 158 28 0
-104.083333333333 29.9166666666667 17.5829162597656 17.9330005645752 50.0750465393066 677.018188476562 34.8134994506836 -0.998750030994415 35.8122482299805 24.5542087554932 10.7732496261597 25.6507091522217 9.07258319854736 372 71 7 79.3036117553711 203 27 181 31 0
-103.083333333333 30.4166666666667 15.794041633606 15.3325834274292 47.8123474121094 641.091064453125 30.9672508239746 -1.10099995136261 32.0682525634766 22.7170829772949 8.90145778656006 23.4092502593994 7.6870002746582 434 83 10 68.9682312011719 212 35 182 40 0
-101.25 26.9166666666667 21.0222816467285 14.5839376449585 47.9340591430664 604.744567871094 34.7662506103516 4.34124994277954 30.4250011444092 26.8514175415039 14.9247493743896 27.7684593200684 12.9852504730225 362 67 8 62.4689178466797 161 33 146 41 0
-103.083333333333 29.25 20.785343170166 16.5238132476807 48.3325538635254 689.855407714844 36.814998626709 2.62724995613098 34.1877479553223 27.8625831604004 13.7428331375122 28.7184162139893 11.8095836639404 291 44 5 63.0759544372559 128 24 126 30 0
-101.916666666667 27.9166666666667 17.7612915039062 14.1107082366943 52.3355407714844 495.562072753906 30.4739990234375 3.51200008392334 26.9619979858398 22.655834197998 12.5372495651245 23.2956237792969 11.2017917633057 375 68 8 66.9251098632812 180 31 162 39 0
-101.416666666667 28.5833333333333 20.0421257019043 14.5018339157104 49.0166931152344 590.056030273438 33.9194984436035 4.33400011062622 29.5854988098145 26.1634578704834 13.0463752746582 26.7224159240723 12.2827501296997 398 92 9 72.2101058959961 184 32 141 32 0
-101.416666666667 27.9166666666667 21.2498226165771 14.8997287750244 47.7823448181152 632.315490722656 35.6432495117188 4.46075010299683 31.1824989318848 27.7522087097168 14.9624166488647 28.4191665649414 12.9476251602173 452 80 9 61.6002426147461 183 36 168 41 0
-102.25 28.25 18.3214263916016 16.1231880187988 53.8381767272949 532.580627441406 32.4684982299805 2.52099990844727 29.9474983215332 23.531665802002 12.7393751144409 24.2088756561279 11.2422494888306 328 56 7 64.7884750366211 156 30 146 36 0
-101.416666666667 27.5833333333333 21.1279487609863 14.909854888916 48.5058631896973 615.477661132812 35.2367515563965 4.49849987030029 30.7382507324219 27.3054161071777 14.9736671447754 28.0805015563965 13.0293340682983 394 72 9 61.3913917541504 162 35 148 41 0
-104.75 29.5833333333333 19.6380004882812 17.3732089996338 47.6915817260742 725.414184570312 37.1192512512207 0.690999984741211 36.4282531738281 27.1065826416016 12.3184995651245 28.1677913665771 10.4202499389648 298 66 4 89.3123245239258 179 17 147 21 0
-104.083333333333 28.75 17.4066982269287 16.9968547821045 50.7300643920898 613.192443847656 33.4492492675781 -0.0552500002086163 33.5044975280762 23.3393745422363 11.0311250686646 24.4497089385986 9.50133323669434 348 73 6 88.9444274902344 213 24 179 29 0
-100.75 27.9166666666667 20.1344795227051 14.7541246414185 50.1440200805664 577.440246582031 34.3057479858398 4.88224983215332 29.4234981536865 23.8726673126221 14.3013753890991 26.7222080230713 12.5951251983643 420 86 10 63.5641708374023 172 39 130 41 0
-103.083333333333 30.75 17.6908130645752 16.9722499847412 47.5796356201172 722.435791015625 34.5999984741211 -1.07124996185303 35.6712493896484 25.3957080841064 10.2058334350586 26.3502502441406 8.52583408355713 369 74 9 64.5774002075195 168 34 138 39 0
-101.75 28.5833333333333 20.2318534851074 14.8216247558594 50.1425132751465 582.530578613281 33.8699989318848 4.31099987030029 29.5589981079102 26.1489582061768 14.2767496109009 26.7497081756592 12.5279998779297 373 78 9 70.3070068359375 175 29 148 31 0
-103.75 30.75 15.9503440856934 15.7466039657593 47.9622421264648 652.202270507812 31.9797496795654 -0.851499974727631 32.8312492370605 22.7782917022705 9.25595855712891 23.8834991455078 7.79541683197021 419 81 10 75.3982772827148 224 34 192 38 0
-103.25 30.0833333333333 17.1712398529053 16.7707710266113 49.3421211242676 664.411254882812 32.9792518615723 -1.00950002670288 33.9887504577637 24.3590431213379 10.0471668243408 24.970832824707 8.73283386230469 392 76 7 71.0203552246094 192 28 167 34 0
-101.75 27.5833333333333 20.4528026580811 15.5315208435059 50.5822105407715 589.154357910156 34.5722503662109 3.86675000190735 30.7054996490479 26.2023754119873 14.5207080841064 27.0174579620361 12.6495418548584 382 75 8 66.9274215698242 174 31 153 40 0
-100.416666666667 27.4166666666667 22.1577816009521 14.347020149231 45.5056495666504 654.766845703125 36.8532485961914 5.32525014877319 31.5279979705811 26.3816242218018 15.6210832595825 29.5826663970947 13.5648746490479 425 83 13 57.938175201416 173 49 135 51 0
-100.916666666667 28.9166666666667 21.0833969116211 14.1035003662109 43.8985290527344 688.479187011719 36.4462509155273 4.31874990463257 32.1275024414062 25.9156665802002 12.1675834655762 29.072624206543 12.1675834655762 511 93 14 57.9751625061035 199 50 160 50 0
-102.583333333333 29.9166666666667 19.251615524292 15.9610204696655 45.9789581298828 731.529907226562 35.0922508239746 0.378500014543533 34.7137489318848 24.1955833435059 11.7696666717529 27.7430419921875 9.81583309173584 315 57 6 61.0087051391602 136 26 117 31 0
-104.583333333333 30.0833333333333 18.2401676177979 17.8940830230713 49.4759330749512 695.911010742188 35.8479995727539 -0.319249987602234 36.1672477722168 25.4482498168945 11.2875833511353 26.5432910919189 9.53333377838135 345 70 6 84.1633834838867 197 23 173 28 0
-103.916666666667 29.0833333333333 19.0771884918213 16.1048755645752 48.1987075805664 653.403869628906 35.1295013427734 1.71599996089935 33.413501739502 25.5356674194336 12.4213333129883 26.6433753967285 10.6762084960938 338 69 7 84.4878463745117 196 22 168 25 0
-102.916666666667 29.75 19.3084278106689 16.2714366912842 46.9255599975586 714.511047363281 35.3227500915527 0.647750020027161 34.6749992370605 26.8162078857422 11.9539585113525 27.5892925262451 10.0622911453247 319 56 6 63.5585746765137 142 27 129 32 0
-102.25 27.5833333333333 18.242115020752 16.0109367370605 53.988410949707 524.342651367188 32.2557487487793 2.59949994087219 29.6562480926514 23.2644157409668 15.858416557312 24.0132923126221 11.2498750686646 338 58 7 65.8985595703125 162 28 152 39 0
-103.583333333333 28.75 18.3663749694824 15.8715419769287 50.0545349121094 597.807495117188 33.6737480163574 1.96525001525879 31.7084980010986 24.2712078094482 12.1210832595825 25.2332077026367 10.6443748474121 314 59 8 72.7076797485352 168 26 148 30 0
-104.25 28.75 17.4280624389648 16.3640422821045 50.0360565185547 604.065612792969 33.0999984741211 0.395500004291534 32.7044982910156 23.2742500305176 11.0695829391479 24.3658752441406 9.62458324432373 359 76 5 93.4852600097656 226 22 190 28 0
-105.083333333333 29.4166666666667 18.5753135681152 17.9294586181641 49.0167198181152 703.065490722656 36.101001739502 -0.477250009775162 36.5782508850098 25.8166656494141 11.4297914505005 26.8839168548584 9.66337490081787 309 72 4 97.1063537597656 197 17 163 19 0
-101.416666666667 28.0833333333333 21.1121559143066 15.3152713775635 48.2766036987305 638.0263671875 35.8380012512207 4.11399984359741 31.7240009307861 27.6965408325195 14.7610836029053 28.3766250610352 12.7519578933716 470 92 11 65.0674591064453 198 38 171 40 0
-100.75 28.75 21.056583404541 14.1299591064453 43.9555702209473 690.694580078125 36.4317512512207 4.28574991226196 32.1459999084473 25.8797092437744 12.8473749160767 29.0532093048096 12.0714168548584 503 87 15 57.2607574462891 188 52 156 53 0
-104.083333333333 30.75 14.4750003814697 14.4243335723877 46.4219169616699 631.7275390625 30.0044994354248 -1.06774997711182 31.0722503662109 20.9905834197998 7.95562505722046 22.0828742980957 6.58466672897339 469 94 10 80.5144271850586 261 34 234 39 0
-103.416666666667 29.9166666666667 17.2076873779297 16.8689155578613 49.3889427185059 666.861206054688 33.172248840332 -0.982999980449677 34.1552505493164 24.2965412139893 10.2193746566772 25.0617904663086 8.73354148864746 396 74 7 71.9236450195312 199 30 176 36 0
-104.75 28.9166666666667 19.2742805480957 18.9063949584961 50.7731437683105 681.343383789062 36.827751159668 -0.409250020980835 37.2369995117188 26.045166015625 12.3595418930054 27.1722507476807 10.5231666564941 289 63 4 96.35009765625 184 15 161 19 0
-103.25 30.25 16.2888011932373 16.708812713623 49.8852424621582 647.661193847656 31.9172496795654 -1.5772500038147 33.494499206543 23.3379573822021 9.27991676330566 23.9369583129883 8.10970783233643 418 82 8 71.6926727294922 208 31 179 37 0
-100.583333333333 27.9166666666667 20.2920513153076 15.0090208053589 50.472541809082 590.017883300781 34.5045013427734 4.76749992370605 29.7370014190674 23.9509162902832 14.4323329925537 26.9798755645752 12.6123752593994 433 89 10 64.241943359375 175 40 128 43 0
-100.75 28.5833333333333 20.8551979064941 14.6287298202515 45.539737701416 675.029907226562 36.3647499084473 4.24174976348877 32.1230010986328 25.5671672821045 12.8408327102661 28.683666229248 12.0917081832886 485 90 13 60.5721626281738 189 47 150 49 0
-104.75 29.25 18.8100318908691 17.3326873779297 48.2455253601074 698.749633789062 35.9280014038086 0.0020000000949949 35.9260025024414 25.863374710083 11.6898336410522 26.9438343048096 9.84020805358887 300 64 5 95.6701126098633 190 18 165 20 0
-102.75 29.0833333333333 18.6157283782959 15.34850025177 49.7556571960449 591.905334472656 33.0612487792969 2.21350002288818 30.8477478027344 24.6054573059082 12.2280836105347 25.2756671905518 10.8055419921875 306 53 5 64.613410949707 144 25 140 33 0
-103.25 29.75 18.367280960083 16.2933120727539 47.9229164123535 685.989685058594 34.2369995117188 0.238000005483627 33.9990005493164 25.615291595459 11.2388334274292 26.4109573364258 9.58883285522461 362 65 7 68.0064392089844 172 28 155 33 0
-103.583333333333 29.4166666666667 19.6186561584473 16.6433544158936 47.8997116088867 693.824523925781 36.0842514038086 1.33800005912781 34.7462501525879 26.7096672058105 12.6057081222534 27.7190837860107 10.7246246337891 342 63 6 73.4115524291992 174 25 156 29 0
-103.416666666667 29.4166666666667 19.0123329162598 16.0404586791992 47.86767578125 667.821044921875 34.8940010070801 1.38399994373322 33.5100021362305 25.8454170227051 12.1393337249756 26.7784996032715 10.4208335876465 363 63 7 70.1499710083008 179 29 164 34 0
-103.25 30.75 17.5906562805176 17.3834381103516 48.2551574707031 723.211242675781 34.6969985961914 -1.32700002193451 36.023998260498 25.3003330230713 10.1239585876465 26.2688751220703 8.42816638946533 364 74 9 66.7559432983398 173 34 141 39 0
-100.75 28.0833333333333 20.1630096435547 15.052770614624 50.1796646118164 590.453552246094 34.7565002441406 4.75874996185303 29.9977493286133 24.0836238861084 14.2115411758423 26.9672908782959 12.4802083969116 431 92 9 66.4870300292969 181 37 132 40 0
-102.916666666667 29.25 20.3369693756104 15.4526872634888 46.953670501709 680.493774414062 35.7902488708496 2.87975001335144 32.9104995727539 27.3351249694824 13.3110828399658 28.1359157562256 11.4452085494995 280 41 5 60.7869033813477 121 24 120 30 0
-104.583333333333 29.4166666666667 20.0940322875977 17.6185626983643 47.6776580810547 733.817565917969 37.6937484741211 0.740249991416931 36.953498840332 27.5847091674805 12.702917098999 28.67795753479 10.7255830764771 279 58 5 88.6554336547852 168 18 143 20 0
-103.583333333333 30.5833333333333 16.3171768188477 16.5988121032715 49.4947662353516 649.782043457031 32.4277496337891 -1.10874998569489 33.5364990234375 23.189582824707 9.56329154968262 24.2080001831055 8.17150020599365 416 81 9 74.5674896240234 219 33 188 38 0
-104.916666666667 29.0833333333333 19.003999710083 17.9621658325195 49.0705871582031 695.628723144531 36.3922500610352 -0.212500005960464 36.6047515869141 26.0107078552246 11.9459161758423 27.1035842895508 10.0872497558594 294 64 4 97.4527893066406 189 15 163 19 0
-104.583333333333 30.25 17.8042602539062 18.1500205993652 49.5929298400879 693.960327148438 35.5327491760254 -1.06525003910065 36.5979995727539 25.0294589996338 13.9347915649414 26.1297092437744 9.15295791625977 354 71 6 82.37158203125 199 24 176 31 0
-104.416666666667 29.0833333333333 19.1183223724365 17.2952709197998 49.2858619689941 663.940551757812 35.8637504577637 0.772000014781952 35.0917510986328 25.6235828399658 12.3007078170776 26.7409591674805 10.5316667556763 316 70 6 93.6046447753906 197 21 176 23 0
-103.25 29.9166666666667 18.0109481811523 16.6906871795654 48.6013832092285 681.910522460938 33.9550018310547 -0.386999994516373 34.3420028686523 25.2738342285156 10.848708152771 26.0151252746582 9.3105001449585 368 69 7 69.3081970214844 177 28 156 33 0
-100.416666666667 28.25 21.0637302398682 14.6177501678467 46.7300720214844 650.868957519531 36.0017509460449 4.72049999237061 31.28125 25.3872089385986 13.2837505340576 28.5172500610352 12.5597915649414 484 96 12 64.0793533325195 204 47 146 51 0
